0 3 22 
3 21 22 
3 2 21 
22 21 18 
2 23 21 
23 24 21 
23 17 24 
21 24 18 
2 4 23 
4 25 23 
4 1 25 
23 25 17 
18 24 27 
24 26 27 
24 17 26 
27 26 16 
0 22 15 
22 28 15 
22 18 28 
15 28 13 
18 29 28 
29 30 28 
29 19 30 
28 30 13 
18 27 29 
27 31 29 
27 16 31 
29 31 19 
13 30 14 
30 32 14 
30 19 32 
14 32 9 
1 7 25 
7 33 25 
7 6 33 
25 33 17 
6 34 33 
34 35 33 
34 20 35 
33 35 17 
6 8 34 
8 36 34 
8 5 36 
34 36 20 
17 35 26 
35 37 26 
35 20 37 
26 37 16 
5 11 36 
11 38 36 
11 10 38 
36 38 20 
10 39 38 
39 40 38 
39 19 40 
38 40 20 
10 12 39 
12 32 39 
12 9 32 
39 32 19 
20 40 37 
40 31 37 
40 19 31 
37 31 16 

