24 1 610 
1 609 610 
1 25 609 
610 609 242 
25 611 609 
611 612 609 
611 241 612 
609 612 242 
25 2 611 
2 613 611 
2 21 613 
611 613 241 
242 612 615 
612 614 615 
612 241 614 
615 614 154 
21 616 613 
616 617 613 
616 243 617 
613 617 241 
243 618 617 
618 619 617 
618 244 619 
617 619 241 
243 620 618 
620 621 618 
620 153 621 
618 621 244 
241 619 614 
619 622 614 
619 244 622 
614 622 154 
21 3 616 
3 623 616 
3 26 623 
616 623 243 
26 624 623 
624 625 623 
624 245 625 
623 625 243 
26 4 624 
4 626 624 
4 19 626 
624 626 245 
243 625 620 
625 627 620 
625 245 627 
620 627 153 
154 622 629 
622 628 629 
622 244 628 
629 628 247 
244 630 628 
630 631 628 
630 246 631 
628 631 247 
244 621 630 
621 632 630 
621 153 632 
630 632 246 
247 631 634 
631 633 634 
631 246 633 
634 633 134 
19 635 626 
635 636 626 
635 248 636 
626 636 245 
248 637 636 
637 638 636 
637 249 638 
636 638 245 
248 639 637 
639 640 637 
639 155 640 
637 640 249 
245 638 627 
638 641 627 
638 249 641 
627 641 153 
155 642 640 
642 643 640 
642 250 643 
640 643 249 
250 644 643 
644 645 643 
644 251 645 
643 645 249 
250 646 644 
646 647 644 
646 156 647 
644 647 251 
249 645 641 
645 648 641 
645 251 648 
641 648 153 
155 649 642 
649 650 642 
649 252 650 
642 650 250 
252 651 650 
651 652 650 
651 253 652 
650 652 250 
252 653 651 
653 654 651 
653 133 654 
651 654 253 
250 652 646 
652 655 646 
652 253 655 
646 655 156 
153 648 632 
648 656 632 
648 251 656 
632 656 246 
251 657 656 
657 658 656 
657 254 658 
656 658 246 
251 647 657 
647 659 657 
647 156 659 
657 659 254 
246 658 633 
658 660 633 
658 254 660 
633 660 134 
19 5 635 
5 661 635 
5 27 661 
635 661 248 
27 662 661 
662 663 661 
662 255 663 
661 663 248 
27 6 662 
6 664 662 
6 22 664 
662 664 255 
248 663 639 
663 665 639 
663 255 665 
639 665 155 
22 666 664 
666 667 664 
666 256 667 
664 667 255 
256 668 667 
668 669 667 
668 257 669 
667 669 255 
256 670 668 
670 671 668 
670 157 671 
668 671 257 
255 669 665 
669 672 665 
669 257 672 
665 672 155 
22 7 666 
7 673 666 
7 28 673 
666 673 256 
28 674 673 
674 675 673 
674 258 675 
673 675 256 
28 8 674 
8 676 674 
8 18 676 
674 676 258 
256 675 670 
675 677 670 
675 258 677 
670 677 157 
155 672 649 
672 678 649 
672 257 678 
649 678 252 
257 679 678 
679 680 678 
679 259 680 
678 680 252 
257 671 679 
671 681 679 
671 157 681 
679 681 259 
252 680 653 
680 682 653 
680 259 682 
653 682 133 
134 660 684 
660 683 684 
660 254 683 
684 683 261 
254 685 683 
685 686 683 
685 260 686 
683 686 261 
254 659 685 
659 687 685 
659 156 687 
685 687 260 
261 686 689 
686 688 689 
686 260 688 
689 688 159 
156 690 687 
690 691 687 
690 262 691 
687 691 260 
262 692 691 
692 693 691 
692 263 693 
691 693 260 
262 694 692 
694 695 692 
694 158 695 
692 695 263 
260 693 688 
693 696 688 
693 263 696 
688 696 159 
156 655 690 
655 697 690 
655 253 697 
690 697 262 
253 698 697 
698 699 697 
698 264 699 
697 699 262 
253 654 698 
654 700 698 
654 133 700 
698 700 264 
262 699 694 
699 701 694 
699 264 701 
694 701 158 
159 696 703 
696 702 703 
696 263 702 
703 702 266 
263 704 702 
704 705 702 
704 265 705 
702 705 266 
263 695 704 
695 706 704 
695 158 706 
704 706 265 
266 705 708 
705 707 708 
705 265 707 
708 707 130 
18 709 676 
709 710 676 
709 267 710 
676 710 258 
267 711 710 
711 712 710 
711 268 712 
710 712 258 
267 713 711 
713 714 711 
713 160 714 
711 714 268 
258 712 677 
712 715 677 
712 268 715 
677 715 157 
160 716 714 
716 717 714 
716 269 717 
714 717 268 
269 718 717 
718 719 717 
718 270 719 
717 719 268 
269 720 718 
720 721 718 
720 161 721 
718 721 270 
268 719 715 
719 722 715 
719 270 722 
715 722 157 
160 723 716 
723 724 716 
723 271 724 
716 724 269 
271 725 724 
725 726 724 
725 272 726 
724 726 269 
271 727 725 
727 728 725 
727 135 728 
725 728 272 
269 726 720 
726 729 720 
726 272 729 
720 729 161 
157 722 681 
722 730 681 
722 270 730 
681 730 259 
270 731 730 
731 732 730 
731 273 732 
730 732 259 
270 721 731 
721 733 731 
721 161 733 
731 733 273 
259 732 682 
732 734 682 
732 273 734 
682 734 133 
135 735 728 
735 736 728 
735 274 736 
728 736 272 
274 737 736 
737 738 736 
737 275 738 
736 738 272 
274 739 737 
739 740 737 
739 162 740 
737 740 275 
272 738 729 
738 741 729 
738 275 741 
729 741 161 
162 742 740 
742 743 740 
742 276 743 
740 743 275 
276 744 743 
744 745 743 
744 277 745 
743 745 275 
276 746 744 
746 747 744 
746 163 747 
744 747 277 
275 745 741 
745 748 741 
745 277 748 
741 748 161 
162 749 742 
749 750 742 
749 278 750 
742 750 276 
278 751 750 
751 752 750 
751 279 752 
750 752 276 
278 753 751 
753 754 751 
753 136 754 
751 754 279 
276 752 746 
752 755 746 
752 279 755 
746 755 163 
161 748 733 
748 756 733 
748 277 756 
733 756 273 
277 757 756 
757 758 756 
757 280 758 
756 758 273 
277 747 757 
747 759 757 
747 163 759 
757 759 280 
273 758 734 
758 760 734 
758 280 760 
734 760 133 
135 761 735 
761 762 735 
761 281 762 
735 762 274 
281 763 762 
763 764 762 
763 282 764 
762 764 274 
281 765 763 
765 766 763 
765 164 766 
763 766 282 
274 764 739 
764 767 739 
764 282 767 
739 767 162 
164 768 766 
768 769 766 
768 283 769 
766 769 282 
283 770 769 
770 771 769 
770 284 771 
769 771 282 
283 772 770 
772 773 770 
772 165 773 
770 773 284 
282 771 767 
771 774 767 
771 284 774 
767 774 162 
164 775 768 
775 776 768 
775 285 776 
768 776 283 
285 777 776 
777 778 776 
777 286 778 
776 778 283 
285 779 777 
779 780 777 
779 129 780 
777 780 286 
283 778 772 
778 781 772 
778 286 781 
772 781 165 
162 774 749 
774 782 749 
774 284 782 
749 782 278 
284 783 782 
783 784 782 
783 287 784 
782 784 278 
284 773 783 
773 785 783 
773 165 785 
783 785 287 
278 784 753 
784 786 753 
784 287 786 
753 786 136 
133 760 700 
760 787 700 
760 280 787 
700 787 264 
280 788 787 
788 789 787 
788 288 789 
787 789 264 
280 759 788 
759 790 788 
759 163 790 
788 790 288 
264 789 701 
789 791 701 
789 288 791 
701 791 158 
163 792 790 
792 793 790 
792 289 793 
790 793 288 
289 794 793 
794 795 793 
794 290 795 
793 795 288 
289 796 794 
796 797 794 
796 166 797 
794 797 290 
288 795 791 
795 798 791 
795 290 798 
791 798 158 
163 755 792 
755 799 792 
755 279 799 
792 799 289 
279 800 799 
800 801 799 
800 291 801 
799 801 289 
279 754 800 
754 802 800 
754 136 802 
800 802 291 
289 801 796 
801 803 796 
801 291 803 
796 803 166 
158 798 706 
798 804 706 
798 290 804 
706 804 265 
290 805 804 
805 806 804 
805 292 806 
804 806 265 
290 797 805 
797 807 805 
797 166 807 
805 807 292 
265 806 707 
806 808 707 
806 292 808 
707 808 130 
18 0 709 
0 809 709 
0 29 809 
709 809 267 
29 810 809 
810 811 809 
810 293 811 
809 811 267 
29 10 810 
10 812 810 
10 23 812 
810 812 293 
267 811 713 
811 813 713 
811 293 813 
713 813 160 
23 814 812 
814 815 812 
814 294 815 
812 815 293 
294 816 815 
816 817 815 
816 295 817 
815 817 293 
294 818 816 
818 819 816 
818 167 819 
816 819 295 
293 817 813 
817 820 813 
817 295 820 
813 820 160 
23 11 814 
11 821 814 
11 30 821 
814 821 294 
30 822 821 
822 823 821 
822 296 823 
821 823 294 
30 12 822 
12 824 822 
12 20 824 
822 824 296 
294 823 818 
823 825 818 
823 296 825 
818 825 167 
160 820 723 
820 826 723 
820 295 826 
723 826 271 
295 827 826 
827 828 826 
827 297 828 
826 828 271 
295 819 827 
819 829 827 
819 167 829 
827 829 297 
271 828 727 
828 830 727 
828 297 830 
727 830 135 
20 831 824 
831 832 824 
831 298 832 
824 832 296 
298 833 832 
833 834 832 
833 299 834 
832 834 296 
298 835 833 
835 836 833 
835 168 836 
833 836 299 
296 834 825 
834 837 825 
834 299 837 
825 837 167 
168 838 836 
838 839 836 
838 300 839 
836 839 299 
300 840 839 
840 841 839 
840 301 841 
839 841 299 
300 842 840 
842 843 840 
842 169 843 
840 843 301 
299 841 837 
841 844 837 
841 301 844 
837 844 167 
168 845 838 
845 846 838 
845 302 846 
838 846 300 
302 847 846 
847 848 846 
847 303 848 
846 848 300 
302 849 847 
849 850 847 
849 137 850 
847 850 303 
300 848 842 
848 851 842 
848 303 851 
842 851 169 
167 844 829 
844 852 829 
844 301 852 
829 852 297 
301 853 852 
853 854 852 
853 304 854 
852 854 297 
301 843 853 
843 855 853 
843 169 855 
853 855 304 
297 854 830 
854 856 830 
854 304 856 
830 856 135 
20 13 831 
13 857 831 
13 31 857 
831 857 298 
31 858 857 
858 859 857 
858 305 859 
857 859 298 
31 14 858 
14 860 858 
14 17 860 
858 860 305 
298 859 835 
859 861 835 
859 305 861 
835 861 168 
17 862 860 
862 863 860 
862 306 863 
860 863 305 
306 864 863 
864 865 863 
864 307 865 
863 865 305 
306 866 864 
866 867 864 
866 170 867 
864 867 307 
305 865 861 
865 868 861 
865 307 868 
861 868 168 
17 15 862 
15 869 862 
15 32 869 
862 869 306 
32 870 869 
870 871 869 
870 308 871 
869 871 306 
32 16 870 
16 872 870 
16 9 872 
870 872 308 
306 871 866 
871 873 866 
871 308 873 
866 873 170 
168 868 845 
868 874 845 
868 307 874 
845 874 302 
307 875 874 
875 876 874 
875 309 876 
874 876 302 
307 867 875 
867 877 875 
867 170 877 
875 877 309 
302 876 849 
876 878 849 
876 309 878 
849 878 137 
135 856 761 
856 879 761 
856 304 879 
761 879 281 
304 880 879 
880 881 879 
880 310 881 
879 881 281 
304 855 880 
855 882 880 
855 169 882 
880 882 310 
281 881 765 
881 883 765 
881 310 883 
765 883 164 
169 884 882 
884 885 882 
884 311 885 
882 885 310 
311 886 885 
886 887 885 
886 312 887 
885 887 310 
311 888 886 
888 889 886 
888 171 889 
886 889 312 
310 887 883 
887 890 883 
887 312 890 
883 890 164 
169 851 884 
851 891 884 
851 303 891 
884 891 311 
303 892 891 
892 893 891 
892 313 893 
891 893 311 
303 850 892 
850 894 892 
850 137 894 
892 894 313 
311 893 888 
893 895 888 
893 313 895 
888 895 171 
164 890 775 
890 896 775 
890 312 896 
775 896 285 
312 897 896 
897 898 896 
897 314 898 
896 898 285 
312 889 897 
889 899 897 
889 171 899 
897 899 314 
285 898 779 
898 900 779 
898 314 900 
779 900 129 
130 808 902 
808 901 902 
808 292 901 
902 901 316 
292 903 901 
903 904 901 
903 315 904 
901 904 316 
292 807 903 
807 905 903 
807 166 905 
903 905 315 
316 904 907 
904 906 907 
904 315 906 
907 906 173 
166 908 905 
908 909 905 
908 317 909 
905 909 315 
317 910 909 
910 911 909 
910 318 911 
909 911 315 
317 912 910 
912 913 910 
912 172 913 
910 913 318 
315 911 906 
911 914 906 
911 318 914 
906 914 173 
166 803 908 
803 915 908 
803 291 915 
908 915 317 
291 916 915 
916 917 915 
916 319 917 
915 917 317 
291 802 916 
802 918 916 
802 136 918 
916 918 319 
317 917 912 
917 919 912 
917 319 919 
912 919 172 
173 914 921 
914 920 921 
914 318 920 
921 920 321 
318 922 920 
922 923 920 
922 320 923 
920 923 321 
318 913 922 
913 924 922 
913 172 924 
922 924 320 
321 923 926 
923 925 926 
923 320 925 
926 925 139 
136 927 918 
927 928 918 
927 322 928 
918 928 319 
322 929 928 
929 930 928 
929 323 930 
928 930 319 
322 931 929 
931 932 929 
931 174 932 
929 932 323 
319 930 919 
930 933 919 
930 323 933 
919 933 172 
174 934 932 
934 935 932 
934 324 935 
932 935 323 
324 936 935 
936 937 935 
936 325 937 
935 937 323 
324 938 936 
938 939 936 
938 175 939 
936 939 325 
323 937 933 
937 940 933 
937 325 940 
933 940 172 
174 941 934 
941 942 934 
941 326 942 
934 942 324 
326 943 942 
943 944 942 
943 327 944 
942 944 324 
326 945 943 
945 946 943 
945 138 946 
943 946 327 
324 944 938 
944 947 938 
944 327 947 
938 947 175 
172 940 924 
940 948 924 
940 325 948 
924 948 320 
325 949 948 
949 950 948 
949 328 950 
948 950 320 
325 939 949 
939 951 949 
939 175 951 
949 951 328 
320 950 925 
950 952 925 
950 328 952 
925 952 139 
136 786 927 
786 953 927 
786 287 953 
927 953 322 
287 954 953 
954 955 953 
954 329 955 
953 955 322 
287 785 954 
785 956 954 
785 165 956 
954 956 329 
322 955 931 
955 957 931 
955 329 957 
931 957 174 
165 958 956 
958 959 956 
958 330 959 
956 959 329 
330 960 959 
960 961 959 
960 331 961 
959 961 329 
330 962 960 
962 963 960 
962 176 963 
960 963 331 
329 961 957 
961 964 957 
961 331 964 
957 964 174 
165 781 958 
781 965 958 
781 286 965 
958 965 330 
286 966 965 
966 967 965 
966 332 967 
965 967 330 
286 780 966 
780 968 966 
780 129 968 
966 968 332 
330 967 962 
967 969 962 
967 332 969 
962 969 176 
174 964 941 
964 970 941 
964 331 970 
941 970 326 
331 971 970 
971 972 970 
971 333 972 
970 972 326 
331 963 971 
963 973 971 
963 176 973 
971 973 333 
326 972 945 
972 974 945 
972 333 974 
945 974 138 
139 952 976 
952 975 976 
952 328 975 
976 975 335 
328 977 975 
977 978 975 
977 334 978 
975 978 335 
328 951 977 
951 979 977 
951 175 979 
977 979 334 
335 978 981 
978 980 981 
978 334 980 
981 980 178 
175 982 979 
982 983 979 
982 336 983 
979 983 334 
336 984 983 
984 985 983 
984 337 985 
983 985 334 
336 986 984 
986 987 984 
986 177 987 
984 987 337 
334 985 980 
985 988 980 
985 337 988 
980 988 178 
175 947 982 
947 989 982 
947 327 989 
982 989 336 
327 990 989 
990 991 989 
990 338 991 
989 991 336 
327 946 990 
946 992 990 
946 138 992 
990 992 338 
336 991 986 
991 993 986 
991 338 993 
986 993 177 
178 988 995 
988 994 995 
988 337 994 
995 994 340 
337 996 994 
996 997 994 
996 339 997 
994 997 340 
337 987 996 
987 998 996 
987 177 998 
996 998 339 
340 997 1000 
997 999 1000 
997 339 999 
1000 999 128 
24 610 98 
610 1001 98 
610 242 1001 
98 1001 114 
242 1002 1001 
1002 1003 1001 
1002 341 1003 
1001 1003 114 
242 615 1002 
615 1004 1002 
615 154 1004 
1002 1004 341 
114 1003 99 
1003 1005 99 
1003 341 1005 
99 1005 122 
154 1006 1004 
1006 1007 1004 
1006 342 1007 
1004 1007 341 
342 1008 1007 
1008 1009 1007 
1008 343 1009 
1007 1009 341 
342 1010 1008 
1010 1011 1008 
1010 179 1011 
1008 1011 343 
341 1009 1005 
1009 1012 1005 
1009 343 1012 
1005 1012 122 
154 629 1006 
629 1013 1006 
629 247 1013 
1006 1013 342 
247 1014 1013 
1014 1015 1013 
1014 344 1015 
1013 1015 342 
247 634 1014 
634 1016 1014 
634 134 1016 
1014 1016 344 
342 1015 1010 
1015 1017 1010 
1015 344 1017 
1010 1017 179 
122 1012 100 
1012 1018 100 
1012 343 1018 
100 1018 115 
343 1019 1018 
1019 1020 1018 
1019 345 1020 
1018 1020 115 
343 1011 1019 
1011 1021 1019 
1011 179 1021 
1019 1021 345 
115 1020 101 
1020 1022 101 
1020 345 1022 
101 1022 126 
134 1023 1016 
1023 1024 1016 
1023 346 1024 
1016 1024 344 
346 1025 1024 
1025 1026 1024 
1025 347 1026 
1024 1026 344 
346 1027 1025 
1027 1028 1025 
1027 180 1028 
1025 1028 347 
344 1026 1017 
1026 1029 1017 
1026 347 1029 
1017 1029 179 
180 1030 1028 
1030 1031 1028 
1030 348 1031 
1028 1031 347 
348 1032 1031 
1032 1033 1031 
1032 349 1033 
1031 1033 347 
348 1034 1032 
1034 1035 1032 
1034 181 1035 
1032 1035 349 
347 1033 1029 
1033 1036 1029 
1033 349 1036 
1029 1036 179 
180 1037 1030 
1037 1038 1030 
1037 350 1038 
1030 1038 348 
350 1039 1038 
1039 1040 1038 
1039 351 1040 
1038 1040 348 
350 1041 1039 
1041 1042 1039 
1041 140 1042 
1039 1042 351 
348 1040 1034 
1040 1043 1034 
1040 351 1043 
1034 1043 181 
179 1036 1021 
1036 1044 1021 
1036 349 1044 
1021 1044 345 
349 1045 1044 
1045 1046 1044 
1045 352 1046 
1044 1046 345 
349 1035 1045 
1035 1047 1045 
1035 181 1047 
1045 1047 352 
345 1046 1022 
1046 1048 1022 
1046 352 1048 
1022 1048 126 
134 684 1023 
684 1049 1023 
684 261 1049 
1023 1049 346 
261 1050 1049 
1050 1051 1049 
1050 353 1051 
1049 1051 346 
261 689 1050 
689 1052 1050 
689 159 1052 
1050 1052 353 
346 1051 1027 
1051 1053 1027 
1051 353 1053 
1027 1053 180 
159 1054 1052 
1054 1055 1052 
1054 354 1055 
1052 1055 353 
354 1056 1055 
1056 1057 1055 
1056 355 1057 
1055 1057 353 
354 1058 1056 
1058 1059 1056 
1058 182 1059 
1056 1059 355 
353 1057 1053 
1057 1060 1053 
1057 355 1060 
1053 1060 180 
159 703 1054 
703 1061 1054 
703 266 1061 
1054 1061 354 
266 1062 1061 
1062 1063 1061 
1062 356 1063 
1061 1063 354 
266 708 1062 
708 1064 1062 
708 130 1064 
1062 1064 356 
354 1063 1058 
1063 1065 1058 
1063 356 1065 
1058 1065 182 
180 1060 1037 
1060 1066 1037 
1060 355 1066 
1037 1066 350 
355 1067 1066 
1067 1068 1066 
1067 357 1068 
1066 1068 350 
355 1059 1067 
1059 1069 1067 
1059 182 1069 
1067 1069 357 
350 1068 1041 
1068 1070 1041 
1068 357 1070 
1041 1070 140 
126 1048 102 
1048 1071 102 
1048 352 1071 
102 1071 116 
352 1072 1071 
1072 1073 1071 
1072 358 1073 
1071 1073 116 
352 1047 1072 
1047 1074 1072 
1047 181 1074 
1072 1074 358 
116 1073 103 
1073 1075 103 
1073 358 1075 
103 1075 123 
181 1076 1074 
1076 1077 1074 
1076 359 1077 
1074 1077 358 
359 1078 1077 
1078 1079 1077 
1078 360 1079 
1077 1079 358 
359 1080 1078 
1080 1081 1078 
1080 183 1081 
1078 1081 360 
358 1079 1075 
1079 1082 1075 
1079 360 1082 
1075 1082 123 
181 1043 1076 
1043 1083 1076 
1043 351 1083 
1076 1083 359 
351 1084 1083 
1084 1085 1083 
1084 361 1085 
1083 1085 359 
351 1042 1084 
1042 1086 1084 
1042 140 1086 
1084 1086 361 
359 1085 1080 
1085 1087 1080 
1085 361 1087 
1080 1087 183 
123 1082 104 
1082 1088 104 
1082 360 1088 
104 1088 117 
360 1089 1088 
1089 1090 1088 
1089 362 1090 
1088 1090 117 
360 1081 1089 
1081 1091 1089 
1081 183 1091 
1089 1091 362 
117 1090 105 
1090 1092 105 
1090 362 1092 
105 1092 113 
130 1093 1064 
1093 1094 1064 
1093 363 1094 
1064 1094 356 
363 1095 1094 
1095 1096 1094 
1095 364 1096 
1094 1096 356 
363 1097 1095 
1097 1098 1095 
1097 184 1098 
1095 1098 364 
356 1096 1065 
1096 1099 1065 
1096 364 1099 
1065 1099 182 
184 1100 1098 
1100 1101 1098 
1100 365 1101 
1098 1101 364 
365 1102 1101 
1102 1103 1101 
1102 366 1103 
1101 1103 364 
365 1104 1102 
1104 1105 1102 
1104 185 1105 
1102 1105 366 
364 1103 1099 
1103 1106 1099 
1103 366 1106 
1099 1106 182 
184 1107 1100 
1107 1108 1100 
1107 367 1108 
1100 1108 365 
367 1109 1108 
1109 1110 1108 
1109 368 1110 
1108 1110 365 
367 1111 1109 
1111 1112 1109 
1111 141 1112 
1109 1112 368 
365 1110 1104 
1110 1113 1104 
1110 368 1113 
1104 1113 185 
182 1106 1069 
1106 1114 1069 
1106 366 1114 
1069 1114 357 
366 1115 1114 
1115 1116 1114 
1115 369 1116 
1114 1116 357 
366 1105 1115 
1105 1117 1115 
1105 185 1117 
1115 1117 369 
357 1116 1070 
1116 1118 1070 
1116 369 1118 
1070 1118 140 
141 1119 1112 
1119 1120 1112 
1119 370 1120 
1112 1120 368 
370 1121 1120 
1121 1122 1120 
1121 371 1122 
1120 1122 368 
370 1123 1121 
1123 1124 1121 
1123 186 1124 
1121 1124 371 
368 1122 1113 
1122 1125 1113 
1122 371 1125 
1113 1125 185 
186 1126 1124 
1126 1127 1124 
1126 372 1127 
1124 1127 371 
372 1128 1127 
1128 1129 1127 
1128 373 1129 
1127 1129 371 
372 1130 1128 
1130 1131 1128 
1130 187 1131 
1128 1131 373 
371 1129 1125 
1129 1132 1125 
1129 373 1132 
1125 1132 185 
186 1133 1126 
1133 1134 1126 
1133 374 1134 
1126 1134 372 
374 1135 1134 
1135 1136 1134 
1135 375 1136 
1134 1136 372 
374 1137 1135 
1137 1138 1135 
1137 142 1138 
1135 1138 375 
372 1136 1130 
1136 1139 1130 
1136 375 1139 
1130 1139 187 
185 1132 1117 
1132 1140 1117 
1132 373 1140 
1117 1140 369 
373 1141 1140 
1141 1142 1140 
1141 376 1142 
1140 1142 369 
373 1131 1141 
1131 1143 1141 
1131 187 1143 
1141 1143 376 
369 1142 1118 
1142 1144 1118 
1142 376 1144 
1118 1144 140 
141 1145 1119 
1145 1146 1119 
1145 377 1146 
1119 1146 370 
377 1147 1146 
1147 1148 1146 
1147 378 1148 
1146 1148 370 
377 1149 1147 
1149 1150 1147 
1149 188 1150 
1147 1150 378 
370 1148 1123 
1148 1151 1123 
1148 378 1151 
1123 1151 186 
188 1152 1150 
1152 1153 1150 
1152 379 1153 
1150 1153 378 
379 1154 1153 
1154 1155 1153 
1154 380 1155 
1153 1155 378 
379 1156 1154 
1156 1157 1154 
1156 189 1157 
1154 1157 380 
378 1155 1151 
1155 1158 1151 
1155 380 1158 
1151 1158 186 
188 1159 1152 
1159 1160 1152 
1159 381 1160 
1152 1160 379 
381 1161 1160 
1161 1162 1160 
1161 382 1162 
1160 1162 379 
381 1163 1161 
1163 1164 1161 
1163 131 1164 
1161 1164 382 
379 1162 1156 
1162 1165 1156 
1162 382 1165 
1156 1165 189 
186 1158 1133 
1158 1166 1133 
1158 380 1166 
1133 1166 374 
380 1167 1166 
1167 1168 1166 
1167 383 1168 
1166 1168 374 
380 1157 1167 
1157 1169 1167 
1157 189 1169 
1167 1169 383 
374 1168 1137 
1168 1170 1137 
1168 383 1170 
1137 1170 142 
140 1144 1086 
1144 1171 1086 
1144 376 1171 
1086 1171 361 
376 1172 1171 
1172 1173 1171 
1172 384 1173 
1171 1173 361 
376 1143 1172 
1143 1174 1172 
1143 187 1174 
1172 1174 384 
361 1173 1087 
1173 1175 1087 
1173 384 1175 
1087 1175 183 
187 1176 1174 
1176 1177 1174 
1176 385 1177 
1174 1177 384 
385 1178 1177 
1178 1179 1177 
1178 386 1179 
1177 1179 384 
385 1180 1178 
1180 1181 1178 
1180 190 1181 
1178 1181 386 
384 1179 1175 
1179 1182 1175 
1179 386 1182 
1175 1182 183 
187 1139 1176 
1139 1183 1176 
1139 375 1183 
1176 1183 385 
375 1184 1183 
1184 1185 1183 
1184 387 1185 
1183 1185 385 
375 1138 1184 
1138 1186 1184 
1138 142 1186 
1184 1186 387 
385 1185 1180 
1185 1187 1180 
1185 387 1187 
1180 1187 190 
183 1182 1091 
1182 1188 1091 
1182 386 1188 
1091 1188 362 
386 1189 1188 
1189 1190 1188 
1189 388 1190 
1188 1190 362 
386 1181 1189 
1181 1191 1189 
1181 190 1191 
1189 1191 388 
362 1190 1092 
1190 1192 1092 
1190 388 1192 
1092 1192 113 
130 902 1093 
902 1193 1093 
902 316 1193 
1093 1193 363 
316 1194 1193 
1194 1195 1193 
1194 389 1195 
1193 1195 363 
316 907 1194 
907 1196 1194 
907 173 1196 
1194 1196 389 
363 1195 1097 
1195 1197 1097 
1195 389 1197 
1097 1197 184 
173 1198 1196 
1198 1199 1196 
1198 390 1199 
1196 1199 389 
390 1200 1199 
1200 1201 1199 
1200 391 1201 
1199 1201 389 
390 1202 1200 
1202 1203 1200 
1202 191 1203 
1200 1203 391 
389 1201 1197 
1201 1204 1197 
1201 391 1204 
1197 1204 184 
173 921 1198 
921 1205 1198 
921 321 1205 
1198 1205 390 
321 1206 1205 
1206 1207 1205 
1206 392 1207 
1205 1207 390 
321 926 1206 
926 1208 1206 
926 139 1208 
1206 1208 392 
390 1207 1202 
1207 1209 1202 
1207 392 1209 
1202 1209 191 
184 1204 1107 
1204 1210 1107 
1204 391 1210 
1107 1210 367 
391 1211 1210 
1211 1212 1210 
1211 393 1212 
1210 1212 367 
391 1203 1211 
1203 1213 1211 
1203 191 1213 
1211 1213 393 
367 1212 1111 
1212 1214 1111 
1212 393 1214 
1111 1214 141 
139 1215 1208 
1215 1216 1208 
1215 394 1216 
1208 1216 392 
394 1217 1216 
1217 1218 1216 
1217 395 1218 
1216 1218 392 
394 1219 1217 
1219 1220 1217 
1219 192 1220 
1217 1220 395 
392 1218 1209 
1218 1221 1209 
1218 395 1221 
1209 1221 191 
192 1222 1220 
1222 1223 1220 
1222 396 1223 
1220 1223 395 
396 1224 1223 
1224 1225 1223 
1224 397 1225 
1223 1225 395 
396 1226 1224 
1226 1227 1224 
1226 193 1227 
1224 1227 397 
395 1225 1221 
1225 1228 1221 
1225 397 1228 
1221 1228 191 
192 1229 1222 
1229 1230 1222 
1229 398 1230 
1222 1230 396 
398 1231 1230 
1231 1232 1230 
1231 399 1232 
1230 1232 396 
398 1233 1231 
1233 1234 1231 
1233 143 1234 
1231 1234 399 
396 1232 1226 
1232 1235 1226 
1232 399 1235 
1226 1235 193 
191 1228 1213 
1228 1236 1213 
1228 397 1236 
1213 1236 393 
397 1237 1236 
1237 1238 1236 
1237 400 1238 
1236 1238 393 
397 1227 1237 
1227 1239 1237 
1227 193 1239 
1237 1239 400 
393 1238 1214 
1238 1240 1214 
1238 400 1240 
1214 1240 141 
139 976 1215 
976 1241 1215 
976 335 1241 
1215 1241 394 
335 1242 1241 
1242 1243 1241 
1242 401 1243 
1241 1243 394 
335 981 1242 
981 1244 1242 
981 178 1244 
1242 1244 401 
394 1243 1219 
1243 1245 1219 
1243 401 1245 
1219 1245 192 
178 1246 1244 
1246 1247 1244 
1246 402 1247 
1244 1247 401 
402 1248 1247 
1248 1249 1247 
1248 403 1249 
1247 1249 401 
402 1250 1248 
1250 1251 1248 
1250 194 1251 
1248 1251 403 
401 1249 1245 
1249 1252 1245 
1249 403 1252 
1245 1252 192 
178 995 1246 
995 1253 1246 
995 340 1253 
1246 1253 402 
340 1254 1253 
1254 1255 1253 
1254 404 1255 
1253 1255 402 
340 1000 1254 
1000 1256 1254 
1000 128 1256 
1254 1256 404 
402 1255 1250 
1255 1257 1250 
1255 404 1257 
1250 1257 194 
192 1252 1229 
1252 1258 1229 
1252 403 1258 
1229 1258 398 
403 1259 1258 
1259 1260 1258 
1259 405 1260 
1258 1260 398 
403 1251 1259 
1251 1261 1259 
1251 194 1261 
1259 1261 405 
398 1260 1233 
1260 1262 1233 
1260 405 1262 
1233 1262 143 
141 1240 1145 
1240 1263 1145 
1240 400 1263 
1145 1263 377 
400 1264 1263 
1264 1265 1263 
1264 406 1265 
1263 1265 377 
400 1239 1264 
1239 1266 1264 
1239 193 1266 
1264 1266 406 
377 1265 1149 
1265 1267 1149 
1265 406 1267 
1149 1267 188 
193 1268 1266 
1268 1269 1266 
1268 407 1269 
1266 1269 406 
407 1270 1269 
1270 1271 1269 
1270 408 1271 
1269 1271 406 
407 1272 1270 
1272 1273 1270 
1272 195 1273 
1270 1273 408 
406 1271 1267 
1271 1274 1267 
1271 408 1274 
1267 1274 188 
193 1235 1268 
1235 1275 1268 
1235 399 1275 
1268 1275 407 
399 1276 1275 
1276 1277 1275 
1276 409 1277 
1275 1277 407 
399 1234 1276 
1234 1278 1276 
1234 143 1278 
1276 1278 409 
407 1277 1272 
1277 1279 1272 
1277 409 1279 
1272 1279 195 
188 1274 1159 
1274 1280 1159 
1274 408 1280 
1159 1280 381 
408 1281 1280 
1281 1282 1280 
1281 410 1282 
1280 1282 381 
408 1273 1281 
1273 1283 1281 
1273 195 1283 
1281 1283 410 
381 1282 1163 
1282 1284 1163 
1282 410 1284 
1163 1284 131 
113 1192 106 
1192 1285 106 
1192 388 1285 
106 1285 118 
388 1286 1285 
1286 1287 1285 
1286 411 1287 
1285 1287 118 
388 1191 1286 
1191 1288 1286 
1191 190 1288 
1286 1288 411 
118 1287 107 
1287 1289 107 
1287 411 1289 
107 1289 124 
190 1290 1288 
1290 1291 1288 
1290 412 1291 
1288 1291 411 
412 1292 1291 
1292 1293 1291 
1292 413 1293 
1291 1293 411 
412 1294 1292 
1294 1295 1292 
1294 196 1295 
1292 1295 413 
411 1293 1289 
1293 1296 1289 
1293 413 1296 
1289 1296 124 
190 1187 1290 
1187 1297 1290 
1187 387 1297 
1290 1297 412 
387 1298 1297 
1298 1299 1297 
1298 414 1299 
1297 1299 412 
387 1186 1298 
1186 1300 1298 
1186 142 1300 
1298 1300 414 
412 1299 1294 
1299 1301 1294 
1299 414 1301 
1294 1301 196 
124 1296 108 
1296 1302 108 
1296 413 1302 
108 1302 119 
413 1303 1302 
1303 1304 1302 
1303 415 1304 
1302 1304 119 
413 1295 1303 
1295 1305 1303 
1295 196 1305 
1303 1305 415 
119 1304 109 
1304 1306 109 
1304 415 1306 
109 1306 127 
142 1307 1300 
1307 1308 1300 
1307 416 1308 
1300 1308 414 
416 1309 1308 
1309 1310 1308 
1309 417 1310 
1308 1310 414 
416 1311 1309 
1311 1312 1309 
1311 197 1312 
1309 1312 417 
414 1310 1301 
1310 1313 1301 
1310 417 1313 
1301 1313 196 
197 1314 1312 
1314 1315 1312 
1314 418 1315 
1312 1315 417 
418 1316 1315 
1316 1317 1315 
1316 419 1317 
1315 1317 417 
418 1318 1316 
1318 1319 1316 
1318 198 1319 
1316 1319 419 
417 1317 1313 
1317 1320 1313 
1317 419 1320 
1313 1320 196 
197 1321 1314 
1321 1322 1314 
1321 420 1322 
1314 1322 418 
420 1323 1322 
1323 1324 1322 
1323 421 1324 
1322 1324 418 
420 1325 1323 
1325 1326 1323 
1325 144 1326 
1323 1326 421 
418 1324 1318 
1324 1327 1318 
1324 421 1327 
1318 1327 198 
196 1320 1305 
1320 1328 1305 
1320 419 1328 
1305 1328 415 
419 1329 1328 
1329 1330 1328 
1329 422 1330 
1328 1330 415 
419 1319 1329 
1319 1331 1329 
1319 198 1331 
1329 1331 422 
415 1330 1306 
1330 1332 1306 
1330 422 1332 
1306 1332 127 
142 1170 1307 
1170 1333 1307 
1170 383 1333 
1307 1333 416 
383 1334 1333 
1334 1335 1333 
1334 423 1335 
1333 1335 416 
383 1169 1334 
1169 1336 1334 
1169 189 1336 
1334 1336 423 
416 1335 1311 
1335 1337 1311 
1335 423 1337 
1311 1337 197 
189 1338 1336 
1338 1339 1336 
1338 424 1339 
1336 1339 423 
424 1340 1339 
1340 1341 1339 
1340 425 1341 
1339 1341 423 
424 1342 1340 
1342 1343 1340 
1342 199 1343 
1340 1343 425 
423 1341 1337 
1341 1344 1337 
1341 425 1344 
1337 1344 197 
189 1165 1338 
1165 1345 1338 
1165 382 1345 
1338 1345 424 
382 1346 1345 
1346 1347 1345 
1346 426 1347 
1345 1347 424 
382 1164 1346 
1164 1348 1346 
1164 131 1348 
1346 1348 426 
424 1347 1342 
1347 1349 1342 
1347 426 1349 
1342 1349 199 
197 1344 1321 
1344 1350 1321 
1344 425 1350 
1321 1350 420 
425 1351 1350 
1351 1352 1350 
1351 427 1352 
1350 1352 420 
425 1343 1351 
1343 1353 1351 
1343 199 1353 
1351 1353 427 
420 1352 1325 
1352 1354 1325 
1352 427 1354 
1325 1354 144 
127 1332 110 
1332 1355 110 
1332 422 1355 
110 1355 120 
422 1356 1355 
1356 1357 1355 
1356 428 1357 
1355 1357 120 
422 1331 1356 
1331 1358 1356 
1331 198 1358 
1356 1358 428 
120 1357 111 
1357 1359 111 
1357 428 1359 
111 1359 125 
198 1360 1358 
1360 1361 1358 
1360 429 1361 
1358 1361 428 
429 1362 1361 
1362 1363 1361 
1362 430 1363 
1361 1363 428 
429 1364 1362 
1364 1365 1362 
1364 200 1365 
1362 1365 430 
428 1363 1359 
1363 1366 1359 
1363 430 1366 
1359 1366 125 
198 1327 1360 
1327 1367 1360 
1327 421 1367 
1360 1367 429 
421 1368 1367 
1368 1369 1367 
1368 431 1369 
1367 1369 429 
421 1326 1368 
1326 1370 1368 
1326 144 1370 
1368 1370 431 
429 1369 1364 
1369 1371 1364 
1369 431 1371 
1364 1371 200 
125 1366 112 
1366 1372 112 
1366 430 1372 
112 1372 121 
430 1373 1372 
1373 1374 1372 
1373 432 1374 
1372 1374 121 
430 1365 1373 
1365 1375 1373 
1365 200 1375 
1373 1375 432 
121 1374 97 
1374 1376 97 
1374 432 1376 
97 1376 81 
9 33 872 
33 1377 872 
33 57 1377 
872 1377 308 
57 1378 1377 
1378 1379 1377 
1378 433 1379 
1377 1379 308 
57 48 1378 
48 1380 1378 
48 61 1380 
1378 1380 433 
308 1379 873 
1379 1381 873 
1379 433 1381 
873 1381 170 
61 1382 1380 
1382 1383 1380 
1382 434 1383 
1380 1383 433 
434 1384 1383 
1384 1385 1383 
1384 435 1385 
1383 1385 433 
434 1386 1384 
1386 1387 1384 
1386 201 1387 
1384 1387 435 
433 1385 1381 
1385 1388 1381 
1385 435 1388 
1381 1388 170 
61 47 1382 
47 1389 1382 
47 56 1389 
1382 1389 434 
56 1390 1389 
1390 1391 1389 
1390 436 1391 
1389 1391 434 
56 46 1390 
46 1392 1390 
46 63 1392 
1390 1392 436 
434 1391 1386 
1391 1393 1386 
1391 436 1393 
1386 1393 201 
170 1388 877 
1388 1394 877 
1388 435 1394 
877 1394 309 
435 1395 1394 
1395 1396 1394 
1395 437 1396 
1394 1396 309 
435 1387 1395 
1387 1397 1395 
1387 201 1397 
1395 1397 437 
309 1396 878 
1396 1398 878 
1396 437 1398 
878 1398 137 
63 1399 1392 
1399 1400 1392 
1399 438 1400 
1392 1400 436 
438 1401 1400 
1401 1402 1400 
1401 439 1402 
1400 1402 436 
438 1403 1401 
1403 1404 1401 
1403 202 1404 
1401 1404 439 
436 1402 1393 
1402 1405 1393 
1402 439 1405 
1393 1405 201 
202 1406 1404 
1406 1407 1404 
1406 440 1407 
1404 1407 439 
440 1408 1407 
1408 1409 1407 
1408 441 1409 
1407 1409 439 
440 1410 1408 
1410 1411 1408 
1410 203 1411 
1408 1411 441 
439 1409 1405 
1409 1412 1405 
1409 441 1412 
1405 1412 201 
202 1413 1406 
1413 1414 1406 
1413 442 1414 
1406 1414 440 
442 1415 1414 
1415 1416 1414 
1415 443 1416 
1414 1416 440 
442 1417 1415 
1417 1418 1415 
1417 145 1418 
1415 1418 443 
440 1416 1410 
1416 1419 1410 
1416 443 1419 
1410 1419 203 
201 1412 1397 
1412 1420 1397 
1412 441 1420 
1397 1420 437 
441 1421 1420 
1421 1422 1420 
1421 444 1422 
1420 1422 437 
441 1411 1421 
1411 1423 1421 
1411 203 1423 
1421 1423 444 
437 1422 1398 
1422 1424 1398 
1422 444 1424 
1398 1424 137 
63 45 1399 
45 1425 1399 
45 55 1425 
1399 1425 438 
55 1426 1425 
1426 1427 1425 
1426 445 1427 
1425 1427 438 
55 44 1426 
44 1428 1426 
44 60 1428 
1426 1428 445 
438 1427 1403 
1427 1429 1403 
1427 445 1429 
1403 1429 202 
60 1430 1428 
1430 1431 1428 
1430 446 1431 
1428 1431 445 
446 1432 1431 
1432 1433 1431 
1432 447 1433 
1431 1433 445 
446 1434 1432 
1434 1435 1432 
1434 204 1435 
1432 1435 447 
445 1433 1429 
1433 1436 1429 
1433 447 1436 
1429 1436 202 
60 43 1430 
43 1437 1430 
43 54 1437 
1430 1437 446 
54 1438 1437 
1438 1439 1437 
1438 448 1439 
1437 1439 446 
54 42 1438 
42 1440 1438 
42 64 1440 
1438 1440 448 
446 1439 1434 
1439 1441 1434 
1439 448 1441 
1434 1441 204 
202 1436 1413 
1436 1442 1413 
1436 447 1442 
1413 1442 442 
447 1443 1442 
1443 1444 1442 
1443 449 1444 
1442 1444 442 
447 1435 1443 
1435 1445 1443 
1435 204 1445 
1443 1445 449 
442 1444 1417 
1444 1446 1417 
1444 449 1446 
1417 1446 145 
137 1424 894 
1424 1447 894 
1424 444 1447 
894 1447 313 
444 1448 1447 
1448 1449 1447 
1448 450 1449 
1447 1449 313 
444 1423 1448 
1423 1450 1448 
1423 203 1450 
1448 1450 450 
313 1449 895 
1449 1451 895 
1449 450 1451 
895 1451 171 
203 1452 1450 
1452 1453 1450 
1452 451 1453 
1450 1453 450 
451 1454 1453 
1454 1455 1453 
1454 452 1455 
1453 1455 450 
451 1456 1454 
1456 1457 1454 
1456 205 1457 
1454 1457 452 
450 1455 1451 
1455 1458 1451 
1455 452 1458 
1451 1458 171 
203 1419 1452 
1419 1459 1452 
1419 443 1459 
1452 1459 451 
443 1460 1459 
1460 1461 1459 
1460 453 1461 
1459 1461 451 
443 1418 1460 
1418 1462 1460 
1418 145 1462 
1460 1462 453 
451 1461 1456 
1461 1463 1456 
1461 453 1463 
1456 1463 205 
171 1458 899 
1458 1464 899 
1458 452 1464 
899 1464 314 
452 1465 1464 
1465 1466 1464 
1465 454 1466 
1464 1466 314 
452 1457 1465 
1457 1467 1465 
1457 205 1467 
1465 1467 454 
314 1466 900 
1466 1468 900 
1466 454 1468 
900 1468 129 
64 1469 1440 
1469 1470 1440 
1469 455 1470 
1440 1470 448 
455 1471 1470 
1471 1472 1470 
1471 456 1472 
1470 1472 448 
455 1473 1471 
1473 1474 1471 
1473 206 1474 
1471 1474 456 
448 1472 1441 
1472 1475 1441 
1472 456 1475 
1441 1475 204 
206 1476 1474 
1476 1477 1474 
1476 457 1477 
1474 1477 456 
457 1478 1477 
1478 1479 1477 
1478 458 1479 
1477 1479 456 
457 1480 1478 
1480 1481 1478 
1480 207 1481 
1478 1481 458 
456 1479 1475 
1479 1482 1475 
1479 458 1482 
1475 1482 204 
206 1483 1476 
1483 1484 1476 
1483 459 1484 
1476 1484 457 
459 1485 1484 
1485 1486 1484 
1485 460 1486 
1484 1486 457 
459 1487 1485 
1487 1488 1485 
1487 146 1488 
1485 1488 460 
457 1486 1480 
1486 1489 1480 
1486 460 1489 
1480 1489 207 
204 1482 1445 
1482 1490 1445 
1482 458 1490 
1445 1490 449 
458 1491 1490 
1491 1492 1490 
1491 461 1492 
1490 1492 449 
458 1481 1491 
1481 1493 1491 
1481 207 1493 
1491 1493 461 
449 1492 1446 
1492 1494 1446 
1492 461 1494 
1446 1494 145 
146 1495 1488 
1495 1496 1488 
1495 462 1496 
1488 1496 460 
462 1497 1496 
1497 1498 1496 
1497 463 1498 
1496 1498 460 
462 1499 1497 
1499 1500 1497 
1499 208 1500 
1497 1500 463 
460 1498 1489 
1498 1501 1489 
1498 463 1501 
1489 1501 207 
208 1502 1500 
1502 1503 1500 
1502 464 1503 
1500 1503 463 
464 1504 1503 
1504 1505 1503 
1504 465 1505 
1503 1505 463 
464 1506 1504 
1506 1507 1504 
1506 209 1507 
1504 1507 465 
463 1505 1501 
1505 1508 1501 
1505 465 1508 
1501 1508 207 
208 1509 1502 
1509 1510 1502 
1509 466 1510 
1502 1510 464 
466 1511 1510 
1511 1512 1510 
1511 467 1512 
1510 1512 464 
466 1513 1511 
1513 1514 1511 
1513 147 1514 
1511 1514 467 
464 1512 1506 
1512 1515 1506 
1512 467 1515 
1506 1515 209 
207 1508 1493 
1508 1516 1493 
1508 465 1516 
1493 1516 461 
465 1517 1516 
1517 1518 1516 
1517 468 1518 
1516 1518 461 
465 1507 1517 
1507 1519 1517 
1507 209 1519 
1517 1519 468 
461 1518 1494 
1518 1520 1494 
1518 468 1520 
1494 1520 145 
146 1521 1495 
1521 1522 1495 
1521 469 1522 
1495 1522 462 
469 1523 1522 
1523 1524 1522 
1523 470 1524 
1522 1524 462 
469 1525 1523 
1525 1526 1523 
1525 210 1526 
1523 1526 470 
462 1524 1499 
1524 1527 1499 
1524 470 1527 
1499 1527 208 
210 1528 1526 
1528 1529 1526 
1528 471 1529 
1526 1529 470 
471 1530 1529 
1530 1531 1529 
1530 472 1531 
1529 1531 470 
471 1532 1530 
1532 1533 1530 
1532 211 1533 
1530 1533 472 
470 1531 1527 
1531 1534 1527 
1531 472 1534 
1527 1534 208 
210 1535 1528 
1535 1536 1528 
1535 473 1536 
1528 1536 471 
473 1537 1536 
1537 1538 1536 
1537 474 1538 
1536 1538 471 
473 1539 1537 
1539 1540 1537 
1539 132 1540 
1537 1540 474 
471 1538 1532 
1538 1541 1532 
1538 474 1541 
1532 1541 211 
208 1534 1509 
1534 1542 1509 
1534 472 1542 
1509 1542 466 
472 1543 1542 
1543 1544 1542 
1543 475 1544 
1542 1544 466 
472 1533 1543 
1533 1545 1543 
1533 211 1545 
1543 1545 475 
466 1544 1513 
1544 1546 1513 
1544 475 1546 
1513 1546 147 
145 1520 1462 
1520 1547 1462 
1520 468 1547 
1462 1547 453 
468 1548 1547 
1548 1549 1547 
1548 476 1549 
1547 1549 453 
468 1519 1548 
1519 1550 1548 
1519 209 1550 
1548 1550 476 
453 1549 1463 
1549 1551 1463 
1549 476 1551 
1463 1551 205 
209 1552 1550 
1552 1553 1550 
1552 477 1553 
1550 1553 476 
477 1554 1553 
1554 1555 1553 
1554 478 1555 
1553 1555 476 
477 1556 1554 
1556 1557 1554 
1556 212 1557 
1554 1557 478 
476 1555 1551 
1555 1558 1551 
1555 478 1558 
1551 1558 205 
209 1515 1552 
1515 1559 1552 
1515 467 1559 
1552 1559 477 
467 1560 1559 
1560 1561 1559 
1560 479 1561 
1559 1561 477 
467 1514 1560 
1514 1562 1560 
1514 147 1562 
1560 1562 479 
477 1561 1556 
1561 1563 1556 
1561 479 1563 
1556 1563 212 
205 1558 1467 
1558 1564 1467 
1558 478 1564 
1467 1564 454 
478 1565 1564 
1565 1566 1564 
1565 480 1566 
1564 1566 454 
478 1557 1565 
1557 1567 1565 
1557 212 1567 
1565 1567 480 
454 1566 1468 
1566 1568 1468 
1566 480 1568 
1468 1568 129 
64 41 1469 
41 1569 1469 
41 53 1569 
1469 1569 455 
53 1570 1569 
1570 1571 1569 
1570 481 1571 
1569 1571 455 
53 40 1570 
40 1572 1570 
40 59 1572 
1570 1572 481 
455 1571 1473 
1571 1573 1473 
1571 481 1573 
1473 1573 206 
59 1574 1572 
1574 1575 1572 
1574 482 1575 
1572 1575 481 
482 1576 1575 
1576 1577 1575 
1576 483 1577 
1575 1577 481 
482 1578 1576 
1578 1579 1576 
1578 213 1579 
1576 1579 483 
481 1577 1573 
1577 1580 1573 
1577 483 1580 
1573 1580 206 
59 39 1574 
39 1581 1574 
39 52 1581 
1574 1581 482 
52 1582 1581 
1582 1583 1581 
1582 484 1583 
1581 1583 482 
52 38 1582 
38 1584 1582 
38 62 1584 
1582 1584 484 
482 1583 1578 
1583 1585 1578 
1583 484 1585 
1578 1585 213 
206 1580 1483 
1580 1586 1483 
1580 483 1586 
1483 1586 459 
483 1587 1586 
1587 1588 1586 
1587 485 1588 
1586 1588 459 
483 1579 1587 
1579 1589 1587 
1579 213 1589 
1587 1589 485 
459 1588 1487 
1588 1590 1487 
1588 485 1590 
1487 1590 146 
62 1591 1584 
1591 1592 1584 
1591 486 1592 
1584 1592 484 
486 1593 1592 
1593 1594 1592 
1593 487 1594 
1592 1594 484 
486 1595 1593 
1595 1596 1593 
1595 214 1596 
1593 1596 487 
484 1594 1585 
1594 1597 1585 
1594 487 1597 
1585 1597 213 
214 1598 1596 
1598 1599 1596 
1598 488 1599 
1596 1599 487 
488 1600 1599 
1600 1601 1599 
1600 489 1601 
1599 1601 487 
488 1602 1600 
1602 1603 1600 
1602 215 1603 
1600 1603 489 
487 1601 1597 
1601 1604 1597 
1601 489 1604 
1597 1604 213 
214 1605 1598 
1605 1606 1598 
1605 490 1606 
1598 1606 488 
490 1607 1606 
1607 1608 1606 
1607 491 1608 
1606 1608 488 
490 1609 1607 
1609 1610 1607 
1609 148 1610 
1607 1610 491 
488 1608 1602 
1608 1611 1602 
1608 491 1611 
1602 1611 215 
213 1604 1589 
1604 1612 1589 
1604 489 1612 
1589 1612 485 
489 1613 1612 
1613 1614 1612 
1613 492 1614 
1612 1614 485 
489 1603 1613 
1603 1615 1613 
1603 215 1615 
1613 1615 492 
485 1614 1590 
1614 1616 1590 
1614 492 1616 
1590 1616 146 
62 37 1591 
37 1617 1591 
37 51 1617 
1591 1617 486 
51 1618 1617 
1618 1619 1617 
1618 493 1619 
1617 1619 486 
51 36 1618 
36 1620 1618 
36 58 1620 
1618 1620 493 
486 1619 1595 
1619 1621 1595 
1619 493 1621 
1595 1621 214 
58 1622 1620 
1622 1623 1620 
1622 494 1623 
1620 1623 493 
494 1624 1623 
1624 1625 1623 
1624 495 1625 
1623 1625 493 
494 1626 1624 
1626 1627 1624 
1626 216 1627 
1624 1627 495 
493 1625 1621 
1625 1628 1621 
1625 495 1628 
1621 1628 214 
58 35 1622 
35 1629 1622 
35 50 1629 
1622 1629 494 
50 1630 1629 
1630 1631 1629 
1630 496 1631 
1629 1631 494 
50 34 1630 
34 1632 1630 
34 49 1632 
1630 1632 496 
494 1631 1626 
1631 1633 1626 
1631 496 1633 
1626 1633 216 
214 1628 1605 
1628 1634 1605 
1628 495 1634 
1605 1634 490 
495 1635 1634 
1635 1636 1634 
1635 497 1636 
1634 1636 490 
495 1627 1635 
1627 1637 1635 
1627 216 1637 
1635 1637 497 
490 1636 1609 
1636 1638 1609 
1636 497 1638 
1609 1638 148 
146 1616 1521 
1616 1639 1521 
1616 492 1639 
1521 1639 469 
492 1640 1639 
1640 1641 1639 
1640 498 1641 
1639 1641 469 
492 1615 1640 
1615 1642 1640 
1615 215 1642 
1640 1642 498 
469 1641 1525 
1641 1643 1525 
1641 498 1643 
1525 1643 210 
215 1644 1642 
1644 1645 1642 
1644 499 1645 
1642 1645 498 
499 1646 1645 
1646 1647 1645 
1646 500 1647 
1645 1647 498 
499 1648 1646 
1648 1649 1646 
1648 217 1649 
1646 1649 500 
498 1647 1643 
1647 1650 1643 
1647 500 1650 
1643 1650 210 
215 1611 1644 
1611 1651 1644 
1611 491 1651 
1644 1651 499 
491 1652 1651 
1652 1653 1651 
1652 501 1653 
1651 1653 499 
491 1610 1652 
1610 1654 1652 
1610 148 1654 
1652 1654 501 
499 1653 1648 
1653 1655 1648 
1653 501 1655 
1648 1655 217 
210 1650 1535 
1650 1656 1535 
1650 500 1656 
1535 1656 473 
500 1657 1656 
1657 1658 1656 
1657 502 1658 
1656 1658 473 
500 1649 1657 
1649 1659 1657 
1649 217 1659 
1657 1659 502 
473 1658 1539 
1658 1660 1539 
1658 502 1660 
1539 1660 132 
129 1568 968 
1568 1661 968 
1568 480 1661 
968 1661 332 
480 1662 1661 
1662 1663 1661 
1662 503 1663 
1661 1663 332 
480 1567 1662 
1567 1664 1662 
1567 212 1664 
1662 1664 503 
332 1663 969 
1663 1665 969 
1663 503 1665 
969 1665 176 
212 1666 1664 
1666 1667 1664 
1666 504 1667 
1664 1667 503 
504 1668 1667 
1668 1669 1667 
1668 505 1669 
1667 1669 503 
504 1670 1668 
1670 1671 1668 
1670 218 1671 
1668 1671 505 
503 1669 1665 
1669 1672 1665 
1669 505 1672 
1665 1672 176 
212 1563 1666 
1563 1673 1666 
1563 479 1673 
1666 1673 504 
479 1674 1673 
1674 1675 1673 
1674 506 1675 
1673 1675 504 
479 1562 1674 
1562 1676 1674 
1562 147 1676 
1674 1676 506 
504 1675 1670 
1675 1677 1670 
1675 506 1677 
1670 1677 218 
176 1672 973 
1672 1678 973 
1672 505 1678 
973 1678 333 
505 1679 1678 
1679 1680 1678 
1679 507 1680 
1678 1680 333 
505 1671 1679 
1671 1681 1679 
1671 218 1681 
1679 1681 507 
333 1680 974 
1680 1682 974 
1680 507 1682 
974 1682 138 
147 1683 1676 
1683 1684 1676 
1683 508 1684 
1676 1684 506 
508 1685 1684 
1685 1686 1684 
1685 509 1686 
1684 1686 506 
508 1687 1685 
1687 1688 1685 
1687 219 1688 
1685 1688 509 
506 1686 1677 
1686 1689 1677 
1686 509 1689 
1677 1689 218 
219 1690 1688 
1690 1691 1688 
1690 510 1691 
1688 1691 509 
510 1692 1691 
1692 1693 1691 
1692 511 1693 
1691 1693 509 
510 1694 1692 
1694 1695 1692 
1694 220 1695 
1692 1695 511 
509 1693 1689 
1693 1696 1689 
1693 511 1696 
1689 1696 218 
219 1697 1690 
1697 1698 1690 
1697 512 1698 
1690 1698 510 
512 1699 1698 
1699 1700 1698 
1699 513 1700 
1698 1700 510 
512 1701 1699 
1701 1702 1699 
1701 149 1702 
1699 1702 513 
510 1700 1694 
1700 1703 1694 
1700 513 1703 
1694 1703 220 
218 1696 1681 
1696 1704 1681 
1696 511 1704 
1681 1704 507 
511 1705 1704 
1705 1706 1704 
1705 514 1706 
1704 1706 507 
511 1695 1705 
1695 1707 1705 
1695 220 1707 
1705 1707 514 
507 1706 1682 
1706 1708 1682 
1706 514 1708 
1682 1708 138 
147 1546 1683 
1546 1709 1683 
1546 475 1709 
1683 1709 508 
475 1710 1709 
1710 1711 1709 
1710 515 1711 
1709 1711 508 
475 1545 1710 
1545 1712 1710 
1545 211 1712 
1710 1712 515 
508 1711 1687 
1711 1713 1687 
1711 515 1713 
1687 1713 219 
211 1714 1712 
1714 1715 1712 
1714 516 1715 
1712 1715 515 
516 1716 1715 
1716 1717 1715 
1716 517 1717 
1715 1717 515 
516 1718 1716 
1718 1719 1716 
1718 221 1719 
1716 1719 517 
515 1717 1713 
1717 1720 1713 
1717 517 1720 
1713 1720 219 
211 1541 1714 
1541 1721 1714 
1541 474 1721 
1714 1721 516 
474 1722 1721 
1722 1723 1721 
1722 518 1723 
1721 1723 516 
474 1540 1722 
1540 1724 1722 
1540 132 1724 
1722 1724 518 
516 1723 1718 
1723 1725 1718 
1723 518 1725 
1718 1725 221 
219 1720 1697 
1720 1726 1697 
1720 517 1726 
1697 1726 512 
517 1727 1726 
1727 1728 1726 
1727 519 1728 
1726 1728 512 
517 1719 1727 
1719 1729 1727 
1719 221 1729 
1727 1729 519 
512 1728 1701 
1728 1730 1701 
1728 519 1730 
1701 1730 149 
138 1708 992 
1708 1731 992 
1708 514 1731 
992 1731 338 
514 1732 1731 
1732 1733 1731 
1732 520 1733 
1731 1733 338 
514 1707 1732 
1707 1734 1732 
1707 220 1734 
1732 1734 520 
338 1733 993 
1733 1735 993 
1733 520 1735 
993 1735 177 
220 1736 1734 
1736 1737 1734 
1736 521 1737 
1734 1737 520 
521 1738 1737 
1738 1739 1737 
1738 522 1739 
1737 1739 520 
521 1740 1738 
1740 1741 1738 
1740 222 1741 
1738 1741 522 
520 1739 1735 
1739 1742 1735 
1739 522 1742 
1735 1742 177 
220 1703 1736 
1703 1743 1736 
1703 513 1743 
1736 1743 521 
513 1744 1743 
1744 1745 1743 
1744 523 1745 
1743 1745 521 
513 1702 1744 
1702 1746 1744 
1702 149 1746 
1744 1746 523 
521 1745 1740 
1745 1747 1740 
1745 523 1747 
1740 1747 222 
177 1742 998 
1742 1748 998 
1742 522 1748 
998 1748 339 
522 1749 1748 
1749 1750 1748 
1749 524 1750 
1748 1750 339 
522 1741 1749 
1741 1751 1749 
1741 222 1751 
1749 1751 524 
339 1750 999 
1750 1752 999 
1750 524 1752 
999 1752 128 
49 65 1632 
65 1753 1632 
65 89 1753 
1632 1753 496 
89 1754 1753 
1754 1755 1753 
1754 525 1755 
1753 1755 496 
89 80 1754 
80 1756 1754 
80 93 1756 
1754 1756 525 
496 1755 1633 
1755 1757 1633 
1755 525 1757 
1633 1757 216 
93 1758 1756 
1758 1759 1756 
1758 526 1759 
1756 1759 525 
526 1760 1759 
1760 1761 1759 
1760 527 1761 
1759 1761 525 
526 1762 1760 
1762 1763 1760 
1762 223 1763 
1760 1763 527 
525 1761 1757 
1761 1764 1757 
1761 527 1764 
1757 1764 216 
93 79 1758 
79 1765 1758 
79 88 1765 
1758 1765 526 
88 1766 1765 
1766 1767 1765 
1766 528 1767 
1765 1767 526 
88 78 1766 
78 1768 1766 
78 95 1768 
1766 1768 528 
526 1767 1762 
1767 1769 1762 
1767 528 1769 
1762 1769 223 
216 1764 1637 
1764 1770 1637 
1764 527 1770 
1637 1770 497 
527 1771 1770 
1771 1772 1770 
1771 529 1772 
1770 1772 497 
527 1763 1771 
1763 1773 1771 
1763 223 1773 
1771 1773 529 
497 1772 1638 
1772 1774 1638 
1772 529 1774 
1638 1774 148 
95 1775 1768 
1775 1776 1768 
1775 530 1776 
1768 1776 528 
530 1777 1776 
1777 1778 1776 
1777 531 1778 
1776 1778 528 
530 1779 1777 
1779 1780 1777 
1779 224 1780 
1777 1780 531 
528 1778 1769 
1778 1781 1769 
1778 531 1781 
1769 1781 223 
224 1782 1780 
1782 1783 1780 
1782 532 1783 
1780 1783 531 
532 1784 1783 
1784 1785 1783 
1784 533 1785 
1783 1785 531 
532 1786 1784 
1786 1787 1784 
1786 225 1787 
1784 1787 533 
531 1785 1781 
1785 1788 1781 
1785 533 1788 
1781 1788 223 
224 1789 1782 
1789 1790 1782 
1789 534 1790 
1782 1790 532 
534 1791 1790 
1791 1792 1790 
1791 535 1792 
1790 1792 532 
534 1793 1791 
1793 1794 1791 
1793 150 1794 
1791 1794 535 
532 1792 1786 
1792 1795 1786 
1792 535 1795 
1786 1795 225 
223 1788 1773 
1788 1796 1773 
1788 533 1796 
1773 1796 529 
533 1797 1796 
1797 1798 1796 
1797 536 1798 
1796 1798 529 
533 1787 1797 
1787 1799 1797 
1787 225 1799 
1797 1799 536 
529 1798 1774 
1798 1800 1774 
1798 536 1800 
1774 1800 148 
95 77 1775 
77 1801 1775 
77 87 1801 
1775 1801 530 
87 1802 1801 
1802 1803 1801 
1802 537 1803 
1801 1803 530 
87 76 1802 
76 1804 1802 
76 92 1804 
1802 1804 537 
530 1803 1779 
1803 1805 1779 
1803 537 1805 
1779 1805 224 
92 1806 1804 
1806 1807 1804 
1806 538 1807 
1804 1807 537 
538 1808 1807 
1808 1809 1807 
1808 539 1809 
1807 1809 537 
538 1810 1808 
1810 1811 1808 
1810 226 1811 
1808 1811 539 
537 1809 1805 
1809 1812 1805 
1809 539 1812 
1805 1812 224 
92 75 1806 
75 1813 1806 
75 86 1813 
1806 1813 538 
86 1814 1813 
1814 1815 1813 
1814 540 1815 
1813 1815 538 
86 74 1814 
74 1816 1814 
74 96 1816 
1814 1816 540 
538 1815 1810 
1815 1817 1810 
1815 540 1817 
1810 1817 226 
224 1812 1789 
1812 1818 1789 
1812 539 1818 
1789 1818 534 
539 1819 1818 
1819 1820 1818 
1819 541 1820 
1818 1820 534 
539 1811 1819 
1811 1821 1819 
1811 226 1821 
1819 1821 541 
534 1820 1793 
1820 1822 1793 
1820 541 1822 
1793 1822 150 
148 1800 1654 
1800 1823 1654 
1800 536 1823 
1654 1823 501 
536 1824 1823 
1824 1825 1823 
1824 542 1825 
1823 1825 501 
536 1799 1824 
1799 1826 1824 
1799 225 1826 
1824 1826 542 
501 1825 1655 
1825 1827 1655 
1825 542 1827 
1655 1827 217 
225 1828 1826 
1828 1829 1826 
1828 543 1829 
1826 1829 542 
543 1830 1829 
1830 1831 1829 
1830 544 1831 
1829 1831 542 
543 1832 1830 
1832 1833 1830 
1832 227 1833 
1830 1833 544 
542 1831 1827 
1831 1834 1827 
1831 544 1834 
1827 1834 217 
225 1795 1828 
1795 1835 1828 
1795 535 1835 
1828 1835 543 
535 1836 1835 
1836 1837 1835 
1836 545 1837 
1835 1837 543 
535 1794 1836 
1794 1838 1836 
1794 150 1838 
1836 1838 545 
543 1837 1832 
1837 1839 1832 
1837 545 1839 
1832 1839 227 
217 1834 1659 
1834 1840 1659 
1834 544 1840 
1659 1840 502 
544 1841 1840 
1841 1842 1840 
1841 546 1842 
1840 1842 502 
544 1833 1841 
1833 1843 1841 
1833 227 1843 
1841 1843 546 
502 1842 1660 
1842 1844 1660 
1842 546 1844 
1660 1844 132 
96 1845 1816 
1845 1846 1816 
1845 547 1846 
1816 1846 540 
547 1847 1846 
1847 1848 1846 
1847 548 1848 
1846 1848 540 
547 1849 1847 
1849 1850 1847 
1849 228 1850 
1847 1850 548 
540 1848 1817 
1848 1851 1817 
1848 548 1851 
1817 1851 226 
228 1852 1850 
1852 1853 1850 
1852 549 1853 
1850 1853 548 
549 1854 1853 
1854 1855 1853 
1854 550 1855 
1853 1855 548 
549 1856 1854 
1856 1857 1854 
1856 229 1857 
1854 1857 550 
548 1855 1851 
1855 1858 1851 
1855 550 1858 
1851 1858 226 
228 1859 1852 
1859 1860 1852 
1859 551 1860 
1852 1860 549 
551 1861 1860 
1861 1862 1860 
1861 552 1862 
1860 1862 549 
551 1863 1861 
1863 1864 1861 
1863 151 1864 
1861 1864 552 
549 1862 1856 
1862 1865 1856 
1862 552 1865 
1856 1865 229 
226 1858 1821 
1858 1866 1821 
1858 550 1866 
1821 1866 541 
550 1867 1866 
1867 1868 1866 
1867 553 1868 
1866 1868 541 
550 1857 1867 
1857 1869 1867 
1857 229 1869 
1867 1869 553 
541 1868 1822 
1868 1870 1822 
1868 553 1870 
1822 1870 150 
151 1871 1864 
1871 1872 1864 
1871 554 1872 
1864 1872 552 
554 1873 1872 
1873 1874 1872 
1873 555 1874 
1872 1874 552 
554 1875 1873 
1875 1876 1873 
1875 230 1876 
1873 1876 555 
552 1874 1865 
1874 1877 1865 
1874 555 1877 
1865 1877 229 
230 1878 1876 
1878 1879 1876 
1878 556 1879 
1876 1879 555 
556 1880 1879 
1880 1881 1879 
1880 557 1881 
1879 1881 555 
556 1882 1880 
1882 1883 1880 
1882 231 1883 
1880 1883 557 
555 1881 1877 
1881 1884 1877 
1881 557 1884 
1877 1884 229 
230 1885 1878 
1885 1886 1878 
1885 558 1886 
1878 1886 556 
558 1887 1886 
1887 1888 1886 
1887 559 1888 
1886 1888 556 
558 1889 1887 
1889 1890 1887 
1889 152 1890 
1887 1890 559 
556 1888 1882 
1888 1891 1882 
1888 559 1891 
1882 1891 231 
229 1884 1869 
1884 1892 1869 
1884 557 1892 
1869 1892 553 
557 1893 1892 
1893 1894 1892 
1893 560 1894 
1892 1894 553 
557 1883 1893 
1883 1895 1893 
1883 231 1895 
1893 1895 560 
553 1894 1870 
1894 1896 1870 
1894 560 1896 
1870 1896 150 
151 1897 1871 
1897 1898 1871 
1897 561 1898 
1871 1898 554 
561 1899 1898 
1899 1900 1898 
1899 562 1900 
1898 1900 554 
561 1901 1899 
1901 1902 1899 
1901 232 1902 
1899 1902 562 
554 1900 1875 
1900 1903 1875 
1900 562 1903 
1875 1903 230 
232 1904 1902 
1904 1905 1902 
1904 563 1905 
1902 1905 562 
563 1906 1905 
1906 1907 1905 
1906 564 1907 
1905 1907 562 
563 1908 1906 
1908 1909 1906 
1908 233 1909 
1906 1909 564 
562 1907 1903 
1907 1910 1903 
1907 564 1910 
1903 1910 230 
232 1911 1904 
1911 1912 1904 
1911 565 1912 
1904 1912 563 
565 1913 1912 
1913 1914 1912 
1913 566 1914 
1912 1914 563 
565 1915 1913 
1915 1916 1913 
1915 131 1916 
1913 1916 566 
563 1914 1908 
1914 1917 1908 
1914 566 1917 
1908 1917 233 
230 1910 1885 
1910 1918 1885 
1910 564 1918 
1885 1918 558 
564 1919 1918 
1919 1920 1918 
1919 567 1920 
1918 1920 558 
564 1909 1919 
1909 1921 1919 
1909 233 1921 
1919 1921 567 
558 1920 1889 
1920 1922 1889 
1920 567 1922 
1889 1922 152 
150 1896 1838 
1896 1923 1838 
1896 560 1923 
1838 1923 545 
560 1924 1923 
1924 1925 1923 
1924 568 1925 
1923 1925 545 
560 1895 1924 
1895 1926 1924 
1895 231 1926 
1924 1926 568 
545 1925 1839 
1925 1927 1839 
1925 568 1927 
1839 1927 227 
231 1928 1926 
1928 1929 1926 
1928 569 1929 
1926 1929 568 
569 1930 1929 
1930 1931 1929 
1930 570 1931 
1929 1931 568 
569 1932 1930 
1932 1933 1930 
1932 234 1933 
1930 1933 570 
568 1931 1927 
1931 1934 1927 
1931 570 1934 
1927 1934 227 
231 1891 1928 
1891 1935 1928 
1891 559 1935 
1928 1935 569 
559 1936 1935 
1936 1937 1935 
1936 571 1937 
1935 1937 569 
559 1890 1936 
1890 1938 1936 
1890 152 1938 
1936 1938 571 
569 1937 1932 
1937 1939 1932 
1937 571 1939 
1932 1939 234 
227 1934 1843 
1934 1940 1843 
1934 570 1940 
1843 1940 546 
570 1941 1940 
1941 1942 1940 
1941 572 1942 
1940 1942 546 
570 1933 1941 
1933 1943 1941 
1933 234 1943 
1941 1943 572 
546 1942 1844 
1942 1944 1844 
1942 572 1944 
1844 1944 132 
96 73 1845 
73 1945 1845 
73 85 1945 
1845 1945 547 
85 1946 1945 
1946 1947 1945 
1946 573 1947 
1945 1947 547 
85 72 1946 
72 1948 1946 
72 91 1948 
1946 1948 573 
547 1947 1849 
1947 1949 1849 
1947 573 1949 
1849 1949 228 
91 1950 1948 
1950 1951 1948 
1950 574 1951 
1948 1951 573 
574 1952 1951 
1952 1953 1951 
1952 575 1953 
1951 1953 573 
574 1954 1952 
1954 1955 1952 
1954 235 1955 
1952 1955 575 
573 1953 1949 
1953 1956 1949 
1953 575 1956 
1949 1956 228 
91 71 1950 
71 1957 1950 
71 84 1957 
1950 1957 574 
84 1958 1957 
1958 1959 1957 
1958 576 1959 
1957 1959 574 
84 70 1958 
70 1960 1958 
70 94 1960 
1958 1960 576 
574 1959 1954 
1959 1961 1954 
1959 576 1961 
1954 1961 235 
228 1956 1859 
1956 1962 1859 
1956 575 1962 
1859 1962 551 
575 1963 1962 
1963 1964 1962 
1963 577 1964 
1962 1964 551 
575 1955 1963 
1955 1965 1963 
1955 235 1965 
1963 1965 577 
551 1964 1863 
1964 1966 1863 
1964 577 1966 
1863 1966 151 
94 1967 1960 
1967 1968 1960 
1967 578 1968 
1960 1968 576 
578 1969 1968 
1969 1970 1968 
1969 579 1970 
1968 1970 576 
578 1971 1969 
1971 1972 1969 
1971 236 1972 
1969 1972 579 
576 1970 1961 
1970 1973 1961 
1970 579 1973 
1961 1973 235 
236 1974 1972 
1974 1975 1972 
1974 580 1975 
1972 1975 579 
580 1976 1975 
1976 1977 1975 
1976 581 1977 
1975 1977 579 
580 1978 1976 
1978 1979 1976 
1978 237 1979 
1976 1979 581 
579 1977 1973 
1977 1980 1973 
1977 581 1980 
1973 1980 235 
236 1981 1974 
1981 1982 1974 
1981 582 1982 
1974 1982 580 
582 1983 1982 
1983 1984 1982 
1983 583 1984 
1982 1984 580 
582 1985 1983 
1985 1986 1983 
1985 144 1986 
1983 1986 583 
580 1984 1978 
1984 1987 1978 
1984 583 1987 
1978 1987 237 
235 1980 1965 
1980 1988 1965 
1980 581 1988 
1965 1988 577 
581 1989 1988 
1989 1990 1988 
1989 584 1990 
1988 1990 577 
581 1979 1989 
1979 1991 1989 
1979 237 1991 
1989 1991 584 
577 1990 1966 
1990 1992 1966 
1990 584 1992 
1966 1992 151 
94 69 1967 
69 1993 1967 
69 83 1993 
1967 1993 578 
83 1994 1993 
1994 1995 1993 
1994 585 1995 
1993 1995 578 
83 68 1994 
68 1996 1994 
68 90 1996 
1994 1996 585 
578 1995 1971 
1995 1997 1971 
1995 585 1997 
1971 1997 236 
90 1998 1996 
1998 1999 1996 
1998 586 1999 
1996 1999 585 
586 2000 1999 
2000 2001 1999 
2000 587 2001 
1999 2001 585 
586 2002 2000 
2002 2003 2000 
2002 200 2003 
2000 2003 587 
585 2001 1997 
2001 2004 1997 
2001 587 2004 
1997 2004 236 
90 67 1998 
67 2005 1998 
67 82 2005 
1998 2005 586 
82 2006 2005 
2006 2007 2005 
2006 432 2007 
2005 2007 586 
82 66 2006 
66 1376 2006 
66 81 1376 
2006 1376 432 
586 2007 2002 
2007 1375 2002 
2007 432 1375 
2002 1375 200 
236 2004 1981 
2004 2008 1981 
2004 587 2008 
1981 2008 582 
587 2009 2008 
2009 2010 2008 
2009 431 2010 
2008 2010 582 
587 2003 2009 
2003 1371 2009 
2003 200 1371 
2009 1371 431 
582 2010 1985 
2010 1370 1985 
2010 431 1370 
1985 1370 144 
151 1992 1897 
1992 2011 1897 
1992 584 2011 
1897 2011 561 
584 2012 2011 
2012 2013 2011 
2012 588 2013 
2011 2013 561 
584 1991 2012 
1991 2014 2012 
1991 237 2014 
2012 2014 588 
561 2013 1901 
2013 2015 1901 
2013 588 2015 
1901 2015 232 
237 2016 2014 
2016 2017 2014 
2016 589 2017 
2014 2017 588 
589 2018 2017 
2018 2019 2017 
2018 590 2019 
2017 2019 588 
589 2020 2018 
2020 2021 2018 
2020 199 2021 
2018 2021 590 
588 2019 2015 
2019 2022 2015 
2019 590 2022 
2015 2022 232 
237 1987 2016 
1987 2023 2016 
1987 583 2023 
2016 2023 589 
583 2024 2023 
2024 2025 2023 
2024 427 2025 
2023 2025 589 
583 1986 2024 
1986 1354 2024 
1986 144 1354 
2024 1354 427 
589 2025 2020 
2025 1353 2020 
2025 427 1353 
2020 1353 199 
232 2022 1911 
2022 2026 1911 
2022 590 2026 
1911 2026 565 
590 2027 2026 
2027 2028 2026 
2027 426 2028 
2026 2028 565 
590 2021 2027 
2021 1349 2027 
2021 199 1349 
2027 1349 426 
565 2028 1915 
2028 1348 1915 
2028 426 1348 
1915 1348 131 
132 1944 1724 
1944 2029 1724 
1944 572 2029 
1724 2029 518 
572 2030 2029 
2030 2031 2029 
2030 591 2031 
2029 2031 518 
572 1943 2030 
1943 2032 2030 
1943 234 2032 
2030 2032 591 
518 2031 1725 
2031 2033 1725 
2031 591 2033 
1725 2033 221 
234 2034 2032 
2034 2035 2032 
2034 592 2035 
2032 2035 591 
592 2036 2035 
2036 2037 2035 
2036 593 2037 
2035 2037 591 
592 2038 2036 
2038 2039 2036 
2038 238 2039 
2036 2039 593 
591 2037 2033 
2037 2040 2033 
2037 593 2040 
2033 2040 221 
234 1939 2034 
1939 2041 2034 
1939 571 2041 
2034 2041 592 
571 2042 2041 
2042 2043 2041 
2042 594 2043 
2041 2043 592 
571 1938 2042 
1938 2044 2042 
1938 152 2044 
2042 2044 594 
592 2043 2038 
2043 2045 2038 
2043 594 2045 
2038 2045 238 
221 2040 1729 
2040 2046 1729 
2040 593 2046 
1729 2046 519 
593 2047 2046 
2047 2048 2046 
2047 595 2048 
2046 2048 519 
593 2039 2047 
2039 2049 2047 
2039 238 2049 
2047 2049 595 
519 2048 1730 
2048 2050 1730 
2048 595 2050 
1730 2050 149 
152 2051 2044 
2051 2052 2044 
2051 596 2052 
2044 2052 594 
596 2053 2052 
2053 2054 2052 
2053 597 2054 
2052 2054 594 
596 2055 2053 
2055 2056 2053 
2055 239 2056 
2053 2056 597 
594 2054 2045 
2054 2057 2045 
2054 597 2057 
2045 2057 238 
239 2058 2056 
2058 2059 2056 
2058 598 2059 
2056 2059 597 
598 2060 2059 
2060 2061 2059 
2060 599 2061 
2059 2061 597 
598 2062 2060 
2062 2063 2060 
2062 240 2063 
2060 2063 599 
597 2061 2057 
2061 2064 2057 
2061 599 2064 
2057 2064 238 
239 2065 2058 
2065 2066 2058 
2065 600 2066 
2058 2066 598 
600 2067 2066 
2067 2068 2066 
2067 601 2068 
2066 2068 598 
600 2069 2067 
2069 2070 2067 
2069 143 2070 
2067 2070 601 
598 2068 2062 
2068 2071 2062 
2068 601 2071 
2062 2071 240 
238 2064 2049 
2064 2072 2049 
2064 599 2072 
2049 2072 595 
599 2073 2072 
2073 2074 2072 
2073 602 2074 
2072 2074 595 
599 2063 2073 
2063 2075 2073 
2063 240 2075 
2073 2075 602 
595 2074 2050 
2074 2076 2050 
2074 602 2076 
2050 2076 149 
152 1922 2051 
1922 2077 2051 
1922 567 2077 
2051 2077 596 
567 2078 2077 
2078 2079 2077 
2078 603 2079 
2077 2079 596 
567 1921 2078 
1921 2080 2078 
1921 233 2080 
2078 2080 603 
596 2079 2055 
2079 2081 2055 
2079 603 2081 
2055 2081 239 
233 2082 2080 
2082 2083 2080 
2082 604 2083 
2080 2083 603 
604 2084 2083 
2084 2085 2083 
2084 605 2085 
2083 2085 603 
604 2086 2084 
2086 2087 2084 
2086 195 2087 
2084 2087 605 
603 2085 2081 
2085 2088 2081 
2085 605 2088 
2081 2088 239 
233 1917 2082 
1917 2089 2082 
1917 566 2089 
2082 2089 604 
566 2090 2089 
2090 2091 2089 
2090 410 2091 
2089 2091 604 
566 1916 2090 
1916 1284 2090 
1916 131 1284 
2090 1284 410 
604 2091 2086 
2091 1283 2086 
2091 410 1283 
2086 1283 195 
239 2088 2065 
2088 2092 2065 
2088 605 2092 
2065 2092 600 
605 2093 2092 
2093 2094 2092 
2093 409 2094 
2092 2094 600 
605 2087 2093 
2087 1279 2093 
2087 195 1279 
2093 1279 409 
600 2094 2069 
2094 1278 2069 
2094 409 1278 
2069 1278 143 
149 2076 1746 
2076 2095 1746 
2076 602 2095 
1746 2095 523 
602 2096 2095 
2096 2097 2095 
2096 606 2097 
2095 2097 523 
602 2075 2096 
2075 2098 2096 
2075 240 2098 
2096 2098 606 
523 2097 1747 
2097 2099 1747 
2097 606 2099 
1747 2099 222 
240 2100 2098 
2100 2101 2098 
2100 607 2101 
2098 2101 606 
607 2102 2101 
2102 2103 2101 
2102 608 2103 
2101 2103 606 
607 2104 2102 
2104 2105 2102 
2104 194 2105 
2102 2105 608 
606 2103 2099 
2103 2106 2099 
2103 608 2106 
2099 2106 222 
240 2071 2100 
2071 2107 2100 
2071 601 2107 
2100 2107 607 
601 2108 2107 
2108 2109 2107 
2108 405 2109 
2107 2109 607 
601 2070 2108 
2070 1262 2108 
2070 143 1262 
2108 1262 405 
607 2109 2104 
2109 1261 2104 
2109 405 1261 
2104 1261 194 
222 2106 1751 
2106 2110 1751 
2106 608 2110 
1751 2110 524 
608 2111 2110 
2111 2112 2110 
2111 404 2112 
2110 2112 524 
608 2105 2111 
2105 1257 2111 
2105 194 1257 
2111 1257 404 
524 2112 1752 
2112 1256 1752 
2112 404 1256 
1752 1256 128 

