9 8 178 
8 177 178 
8 12 177 
178 177 90 
12 179 177 
179 180 177 
179 89 180 
177 180 90 
12 7 179 
7 181 179 
7 14 181 
179 181 89 
90 180 183 
180 182 183 
180 89 182 
183 182 70 
14 184 181 
184 185 181 
184 91 185 
181 185 89 
91 186 185 
186 187 185 
186 92 187 
185 187 89 
91 188 186 
188 189 186 
188 69 189 
186 189 92 
89 187 182 
187 190 182 
187 92 190 
182 190 70 
14 6 184 
6 191 184 
6 11 191 
184 191 91 
11 192 191 
192 193 191 
192 93 193 
191 193 91 
11 5 192 
5 194 192 
5 15 194 
192 194 93 
91 193 188 
193 195 188 
193 93 195 
188 195 69 
70 190 197 
190 196 197 
190 92 196 
197 196 95 
92 198 196 
198 199 196 
198 94 199 
196 199 95 
92 189 198 
189 200 198 
189 69 200 
198 200 94 
95 199 202 
199 201 202 
199 94 201 
202 201 66 
15 203 194 
203 204 194 
203 96 204 
194 204 93 
96 205 204 
205 206 204 
205 97 206 
204 206 93 
96 207 205 
207 208 205 
207 71 208 
205 208 97 
93 206 195 
206 209 195 
206 97 209 
195 209 69 
71 210 208 
210 211 208 
210 98 211 
208 211 97 
98 212 211 
212 213 211 
212 99 213 
211 213 97 
98 214 212 
214 215 212 
214 72 215 
212 215 99 
97 213 209 
213 216 209 
213 99 216 
209 216 69 
71 217 210 
217 218 210 
217 100 218 
210 218 98 
100 219 218 
219 220 218 
219 101 220 
218 220 98 
100 221 219 
221 222 219 
221 65 222 
219 222 101 
98 220 214 
220 223 214 
220 101 223 
214 223 72 
69 216 200 
216 224 200 
216 99 224 
200 224 94 
99 225 224 
225 226 224 
225 102 226 
224 226 94 
99 215 225 
215 227 225 
215 72 227 
225 227 102 
94 226 201 
226 228 201 
226 102 228 
201 228 66 
15 4 203 
4 229 203 
4 10 229 
203 229 96 
10 230 229 
230 231 229 
230 103 231 
229 231 96 
10 3 230 
3 232 230 
3 13 232 
230 232 103 
96 231 207 
231 233 207 
231 103 233 
207 233 71 
13 234 232 
234 235 232 
234 104 235 
232 235 103 
104 236 235 
236 237 235 
236 105 237 
235 237 103 
104 238 236 
238 239 236 
238 73 239 
236 239 105 
103 237 233 
237 240 233 
237 105 240 
233 240 71 
13 2 234 
2 241 234 
2 0 241 
234 241 104 
0 242 241 
242 243 241 
242 106 243 
241 243 104 
0 1 242 
1 244 242 
1 16 244 
242 244 106 
104 243 238 
243 245 238 
243 106 245 
238 245 73 
71 240 217 
240 246 217 
240 105 246 
217 246 100 
105 247 246 
247 248 246 
247 107 248 
246 248 100 
105 239 247 
239 249 247 
239 73 249 
247 249 107 
100 248 221 
248 250 221 
248 107 250 
221 250 65 
66 228 252 
228 251 252 
228 102 251 
252 251 109 
102 253 251 
253 254 251 
253 108 254 
251 254 109 
102 227 253 
227 255 253 
227 72 255 
253 255 108 
109 254 257 
254 256 257 
254 108 256 
257 256 75 
72 258 255 
258 259 255 
258 110 259 
255 259 108 
110 260 259 
260 261 259 
260 111 261 
259 261 108 
110 262 260 
262 263 260 
262 74 263 
260 263 111 
108 261 256 
261 264 256 
261 111 264 
256 264 75 
72 223 258 
223 265 258 
223 101 265 
258 265 110 
101 266 265 
266 267 265 
266 112 267 
265 267 110 
101 222 266 
222 268 266 
222 65 268 
266 268 112 
110 267 262 
267 269 262 
267 112 269 
262 269 74 
75 264 271 
264 270 271 
264 111 270 
271 270 114 
111 272 270 
272 273 270 
272 113 273 
270 273 114 
111 263 272 
263 274 272 
263 74 274 
272 274 113 
114 273 276 
273 275 276 
273 113 275 
276 275 64 
9 178 63 
178 277 63 
178 90 277 
63 277 55 
90 278 277 
278 279 277 
278 115 279 
277 279 55 
90 183 278 
183 280 278 
183 70 280 
278 280 115 
55 279 62 
279 281 62 
279 115 281 
62 281 51 
70 282 280 
282 283 280 
282 116 283 
280 283 115 
116 284 283 
284 285 283 
284 117 285 
283 285 115 
116 286 284 
286 287 284 
286 76 287 
284 287 117 
115 285 281 
285 288 281 
285 117 288 
281 288 51 
70 197 282 
197 289 282 
197 95 289 
282 289 116 
95 290 289 
290 291 289 
290 118 291 
289 291 116 
95 202 290 
202 292 290 
202 66 292 
290 292 118 
116 291 286 
291 293 286 
291 118 293 
286 293 76 
51 288 61 
288 294 61 
288 117 294 
61 294 54 
117 295 294 
295 296 294 
295 119 296 
294 296 54 
117 287 295 
287 297 295 
287 76 297 
295 297 119 
54 296 60 
296 298 60 
296 119 298 
60 298 49 
66 299 292 
299 300 292 
299 120 300 
292 300 118 
120 301 300 
301 302 300 
301 121 302 
300 302 118 
120 303 301 
303 304 301 
303 77 304 
301 304 121 
118 302 293 
302 305 293 
302 121 305 
293 305 76 
77 306 304 
306 307 304 
306 122 307 
304 307 121 
122 308 307 
308 309 307 
308 123 309 
307 309 121 
122 310 308 
310 311 308 
310 78 311 
308 311 123 
121 309 305 
309 312 305 
309 123 312 
305 312 76 
77 313 306 
313 314 306 
313 124 314 
306 314 122 
124 315 314 
315 316 314 
315 125 316 
314 316 122 
124 317 315 
317 318 315 
317 67 318 
315 318 125 
122 316 310 
316 319 310 
316 125 319 
310 319 78 
76 312 297 
312 320 297 
312 123 320 
297 320 119 
123 321 320 
321 322 320 
321 126 322 
320 322 119 
123 311 321 
311 323 321 
311 78 323 
321 323 126 
119 322 298 
322 324 298 
322 126 324 
298 324 49 
66 252 299 
252 325 299 
252 109 325 
299 325 120 
109 326 325 
326 327 325 
326 127 327 
325 327 120 
109 257 326 
257 328 326 
257 75 328 
326 328 127 
120 327 303 
327 329 303 
327 127 329 
303 329 77 
75 330 328 
330 331 328 
330 128 331 
328 331 127 
128 332 331 
332 333 331 
332 129 333 
331 333 127 
128 334 332 
334 335 332 
334 79 335 
332 335 129 
127 333 329 
333 336 329 
333 129 336 
329 336 77 
75 271 330 
271 337 330 
271 114 337 
330 337 128 
114 338 337 
338 339 337 
338 130 339 
337 339 128 
114 276 338 
276 340 338 
276 64 340 
338 340 130 
128 339 334 
339 341 334 
339 130 341 
334 341 79 
77 336 313 
336 342 313 
336 129 342 
313 342 124 
129 343 342 
343 344 342 
343 131 344 
342 344 124 
129 335 343 
335 345 343 
335 79 345 
343 345 131 
124 344 317 
344 346 317 
344 131 346 
317 346 67 
49 324 59 
324 347 59 
324 126 347 
59 347 53 
126 348 347 
348 349 347 
348 132 349 
347 349 53 
126 323 348 
323 350 348 
323 78 350 
348 350 132 
53 349 58 
349 351 58 
349 132 351 
58 351 50 
78 352 350 
352 353 350 
352 133 353 
350 353 132 
133 354 353 
354 355 353 
354 134 355 
353 355 132 
133 356 354 
356 357 354 
356 80 357 
354 357 134 
132 355 351 
355 358 351 
355 134 358 
351 358 50 
78 319 352 
319 359 352 
319 125 359 
352 359 133 
125 360 359 
360 361 359 
360 135 361 
359 361 133 
125 318 360 
318 362 360 
318 67 362 
360 362 135 
133 361 356 
361 363 356 
361 135 363 
356 363 80 
50 358 57 
358 364 57 
358 134 364 
57 364 52 
134 365 364 
365 366 364 
365 136 366 
364 366 52 
134 357 365 
357 367 365 
357 80 367 
365 367 136 
52 366 56 
366 368 56 
366 136 368 
56 368 33 
16 25 244 
25 369 244 
25 21 369 
244 369 106 
21 370 369 
370 371 369 
370 137 371 
369 371 106 
21 26 370 
26 372 370 
26 19 372 
370 372 137 
106 371 245 
371 373 245 
371 137 373 
245 373 73 
19 374 372 
374 375 372 
374 138 375 
372 375 137 
138 376 375 
376 377 375 
376 139 377 
375 377 137 
138 378 376 
378 379 376 
378 81 379 
376 379 139 
137 377 373 
377 380 373 
377 139 380 
373 380 73 
19 27 374 
27 381 374 
27 22 381 
374 381 138 
22 382 381 
382 383 381 
382 140 383 
381 383 138 
22 28 382 
28 384 382 
28 18 384 
382 384 140 
138 383 378 
383 385 378 
383 140 385 
378 385 81 
73 380 249 
380 386 249 
380 139 386 
249 386 107 
139 387 386 
387 388 386 
387 141 388 
386 388 107 
139 379 387 
379 389 387 
379 81 389 
387 389 141 
107 388 250 
388 390 250 
388 141 390 
250 390 65 
18 391 384 
391 392 384 
391 142 392 
384 392 140 
142 393 392 
393 394 392 
393 143 394 
392 394 140 
142 395 393 
395 396 393 
395 82 396 
393 396 143 
140 394 385 
394 397 385 
394 143 397 
385 397 81 
82 398 396 
398 399 396 
398 144 399 
396 399 143 
144 400 399 
400 401 399 
400 145 401 
399 401 143 
144 402 400 
402 403 400 
402 83 403 
400 403 145 
143 401 397 
401 404 397 
401 145 404 
397 404 81 
82 405 398 
405 406 398 
405 146 406 
398 406 144 
146 407 406 
407 408 406 
407 147 408 
406 408 144 
146 409 407 
409 410 407 
409 68 410 
407 410 147 
144 408 402 
408 411 402 
408 147 411 
402 411 83 
81 404 389 
404 412 389 
404 145 412 
389 412 141 
145 413 412 
413 414 412 
413 148 414 
412 414 141 
145 403 413 
403 415 413 
403 83 415 
413 415 148 
141 414 390 
414 416 390 
414 148 416 
390 416 65 
18 29 391 
29 417 391 
29 23 417 
391 417 142 
23 418 417 
418 419 417 
418 149 419 
417 419 142 
23 30 418 
30 420 418 
30 20 420 
418 420 149 
142 419 395 
419 421 395 
419 149 421 
395 421 82 
20 422 420 
422 423 420 
422 150 423 
420 423 149 
150 424 423 
424 425 423 
424 151 425 
423 425 149 
150 426 424 
426 427 424 
426 84 427 
424 427 151 
149 425 421 
425 428 421 
425 151 428 
421 428 82 
20 31 422 
31 429 422 
31 24 429 
422 429 150 
24 430 429 
430 431 429 
430 152 431 
429 431 150 
24 32 430 
32 432 430 
32 17 432 
430 432 152 
150 431 426 
431 433 426 
431 152 433 
426 433 84 
82 428 405 
428 434 405 
428 151 434 
405 434 146 
151 435 434 
435 436 434 
435 153 436 
434 436 146 
151 427 435 
427 437 435 
427 84 437 
435 437 153 
146 436 409 
436 438 409 
436 153 438 
409 438 68 
65 416 268 
416 439 268 
416 148 439 
268 439 112 
148 440 439 
440 441 439 
440 154 441 
439 441 112 
148 415 440 
415 442 440 
415 83 442 
440 442 154 
112 441 269 
441 443 269 
441 154 443 
269 443 74 
83 444 442 
444 445 442 
444 155 445 
442 445 154 
155 446 445 
446 447 445 
446 156 447 
445 447 154 
155 448 446 
448 449 446 
448 85 449 
446 449 156 
154 447 443 
447 450 443 
447 156 450 
443 450 74 
83 411 444 
411 451 444 
411 147 451 
444 451 155 
147 452 451 
452 453 451 
452 157 453 
451 453 155 
147 410 452 
410 454 452 
410 68 454 
452 454 157 
155 453 448 
453 455 448 
453 157 455 
448 455 85 
74 450 274 
450 456 274 
450 156 456 
274 456 113 
156 457 456 
457 458 456 
457 158 458 
456 458 113 
156 449 457 
449 459 457 
449 85 459 
457 459 158 
113 458 275 
458 460 275 
458 158 460 
275 460 64 
17 41 432 
41 461 432 
41 37 461 
432 461 152 
37 462 461 
462 463 461 
462 159 463 
461 463 152 
37 42 462 
42 464 462 
42 35 464 
462 464 159 
152 463 433 
463 465 433 
463 159 465 
433 465 84 
35 466 464 
466 467 464 
466 160 467 
464 467 159 
160 468 467 
468 469 467 
468 161 469 
467 469 159 
160 470 468 
470 471 468 
470 86 471 
468 471 161 
159 469 465 
469 472 465 
469 161 472 
465 472 84 
35 43 466 
43 473 466 
43 38 473 
466 473 160 
38 474 473 
474 475 473 
474 162 475 
473 475 160 
38 44 474 
44 476 474 
44 34 476 
474 476 162 
160 475 470 
475 477 470 
475 162 477 
470 477 86 
84 472 437 
472 478 437 
472 161 478 
437 478 153 
161 479 478 
479 480 478 
479 163 480 
478 480 153 
161 471 479 
471 481 479 
471 86 481 
479 481 163 
153 480 438 
480 482 438 
480 163 482 
438 482 68 
34 483 476 
483 484 476 
483 164 484 
476 484 162 
164 485 484 
485 486 484 
485 165 486 
484 486 162 
164 487 485 
487 488 485 
487 87 488 
485 488 165 
162 486 477 
486 489 477 
486 165 489 
477 489 86 
87 490 488 
490 491 488 
490 166 491 
488 491 165 
166 492 491 
492 493 491 
492 167 493 
491 493 165 
166 494 492 
494 495 492 
494 88 495 
492 495 167 
165 493 489 
493 496 489 
493 167 496 
489 496 86 
87 497 490 
497 498 490 
497 168 498 
490 498 166 
168 499 498 
499 500 498 
499 169 500 
498 500 166 
168 501 499 
501 502 499 
501 67 502 
499 502 169 
166 500 494 
500 503 494 
500 169 503 
494 503 88 
86 496 481 
496 504 481 
496 167 504 
481 504 163 
167 505 504 
505 506 504 
505 170 506 
504 506 163 
167 495 505 
495 507 505 
495 88 507 
505 507 170 
163 506 482 
506 508 482 
506 170 508 
482 508 68 
34 45 483 
45 509 483 
45 39 509 
483 509 164 
39 510 509 
510 511 509 
510 171 511 
509 511 164 
39 46 510 
46 512 510 
46 36 512 
510 512 171 
164 511 487 
511 513 487 
511 171 513 
487 513 87 
36 514 512 
514 515 512 
514 172 515 
512 515 171 
172 516 515 
516 517 515 
516 173 517 
515 517 171 
172 518 516 
518 519 516 
518 80 519 
516 519 173 
171 517 513 
517 520 513 
517 173 520 
513 520 87 
36 47 514 
47 521 514 
47 40 521 
514 521 172 
40 522 521 
522 523 521 
522 136 523 
521 523 172 
40 48 522 
48 368 522 
48 33 368 
522 368 136 
172 523 518 
523 367 518 
523 136 367 
518 367 80 
87 520 497 
520 524 497 
520 173 524 
497 524 168 
173 525 524 
525 526 524 
525 135 526 
524 526 168 
173 519 525 
519 363 525 
519 80 363 
525 363 135 
168 526 501 
526 362 501 
526 135 362 
501 362 67 
68 508 454 
508 527 454 
508 170 527 
454 527 157 
170 528 527 
528 529 527 
528 174 529 
527 529 157 
170 507 528 
507 530 528 
507 88 530 
528 530 174 
157 529 455 
529 531 455 
529 174 531 
455 531 85 
88 532 530 
532 533 530 
532 175 533 
530 533 174 
175 534 533 
534 535 533 
534 176 535 
533 535 174 
175 536 534 
536 537 534 
536 79 537 
534 537 176 
174 535 531 
535 538 531 
535 176 538 
531 538 85 
88 503 532 
503 539 532 
503 169 539 
532 539 175 
169 540 539 
540 541 539 
540 131 541 
539 541 175 
169 502 540 
502 346 540 
502 67 346 
540 346 131 
175 541 536 
541 345 536 
541 131 345 
536 345 79 
85 538 459 
538 542 459 
538 176 542 
459 542 158 
176 543 542 
543 544 542 
543 130 544 
542 544 158 
176 537 543 
537 341 543 
537 79 341 
543 341 130 
158 544 460 
544 340 460 
544 130 340 
460 340 64 

